255.898292,    78.628917,    155.000000,    21.058544,    0.086456,    10.251422,    20.180309,    251 
255.891375,    78.629778,    6585.000000,    22.686768,    0.083825,    10.251422,    20.180525,    251 
255.872375,    78.632028,    121250.000000,    23.951894,    0.078643,    10.251422,    20.180986,    251 
255.761542,    78.598750,    71953.000000,    23.725261,    0.338224,    10.251422,    20.180222,    251 
255.875167,    78.665167,    49700.000000,    23.564569,    0.007352,    10.251422,    20.199902,    251 
255.217500,    78.689278,    9253.000000,    22.834495,    1.190406,    10.251422,    20.218883,    251 
256.414792,    78.626250,    775.000000,    21.757514,    0.630822,    10.251422,    20.192015,    251 
256.734208,    78.685972,    9190.000000,    22.831528,    1.489105,    10.251422,    20.234525,    251 
256.680083,    78.599250,    1451.000000,    22.029880,    1.553493,    10.251422,    20.238048,    251 
255.985625,    78.745528,    5348.000000,    22.596404,    0.374304,    10.251422,    20.181432,    251 
255.562417,    78.596472,    524.000000,    21.587544,    0.603027,    10.251422,    20.190772,    251 
255.842667,    78.782222,    1140.000000,    21.925117,    0.806909,    10.251422,    20.200143,    251 
256.200292,    78.641556,    11792.000000,    22.939800,    0.202259,    10.251422,    20.177308,    251 
255.348458,    78.687528,    1241.000000,    21.961984,    0.799476,    10.251422,    20.199793,    251 
254.576833,    78.492778,    3189.000000,    22.371867,    6.032179,    10.251422,    20.633682,    251 
254.696958,    78.422611,    1109.000000,    21.913144,    7.064728,    10.251422,    20.741420,    251 
255.798500,    78.674944,    28.000000,    20.315370,    0.044376,    3.184009,    20.185688,    96
256.067708,    78.679222,    118.000000,    20.940094,    0.051663,    8.964183,    20.184372,    237
256.112208,    78.640361,    26.000000,    20.283186,    0.115386,    2.991431,    20.178562,    85
255.704083,    78.641333,    29.000000,    20.330610,    0.155912,    3.281671,    20.177449,    98
256.235917,    78.718278,    426.000000,    21.497622,    0.367998,    10.251422,    20.181212,    251 
255.573750,    78.764500,    64.000000,    20.674392,    0.855012,    5.859022,    20.202422,    187
256.390542,    78.586611,    180.000000,    21.123485,    0.861942,    10.251422,    20.202752,    251 
255.576250,    78.767778,    2113.000000,    22.193112,    0.889423,    10.251422,    20.204065,    251 
255.373458,    78.602083,    138.000000,    21.008091,    0.959953,    10.251422,    20.207465,    247
256.202292,    78.805889,    203.000000,    21.175708,    1.310523,    10.251422,    20.225045,    251 
256.300167,    78.803972,    462.000000,    21.532854,    1.420276,    10.251422,    20.230823,    251 
256.313667,    78.803694,    205.000000,    21.179966,    1.438623,    10.251422,    20.231804,    251 
255.133583,    78.670000,    55.000000,    20.608575,    1.451934,    5.620043,    20.232518,    174
255.246125,    78.749833,    396.000000,    21.465907,    1.472162,    10.251422,    20.233608,    251 
255.250083,    78.758556,    157.000000,    21.064112,    1.549318,    10.251422,    20.237818,    251 
255.123917,    78.635111,    49.000000,    20.558408,    1.549778,    5.352293,    20.237843,    160
256.548458,    78.547111,    273.000000,    21.304375,    1.720484,    10.251422,    20.247468,    251 
256.243792,    78.833139,    151.000000,    21.047189,    1.856545,    10.251422,    20.255471,    251 
255.973292,    78.486556,    195.000000,    21.158247,    1.918581,    10.251422,    20.259224,    251 
255.893458,    78.848583,    801.000000,    21.771845,    1.958362,    10.251422,    20.261666,    251 
256.861042,    78.606222,    273.000000,    21.304375,    2.196253,    10.251422,    20.276864,    251 
256.229958,    78.852250,    376.000000,    21.443400,    2.234608,    10.251422,    20.279412,    251 
255.694167,    78.862722,    2104.000000,    22.191258,    2.396969,    10.251422,    20.290505,    251 
256.617250,    78.820667,    927.000000,    21.835292,    2.459315,    10.251422,    20.294898,    251 
255.550500,    78.859167,    1364.000000,    22.003027,    2.514564,    10.251422,    20.298853,    251 
255.393417,    78.846278,    631.000000,    21.668242,    2.555706,    10.251422,    20.301836,    251 
256.389875,    78.854639,    4175.000000,    22.488869,    2.558775,    10.251422,    20.302059,    251 
257.046292,    78.653417,    40.000000,    20.470272,    2.847641,    4.256234,    20.323915,    141
255.084833,    78.810611,    49.000000,    20.558408,    2.838270,    5.352293,    20.323182,    160
255.106542,    78.823944,    231.000000,    21.231824,    2.991989,    10.251422,    20.335413,    251 
256.815083,    78.502194,    1200.000000,    21.947394,    3.402366,    10.251422,    20.370069,    251 
256.059500,    78.910056,    203.000000,    21.175708,    3.535834,    10.251422,    20.381922,    251 
257.012500,    78.544056,    109.000000,    20.905639,    3.580350,    8.467690,    20.385935,    233
255.568833,    78.902944,    220.000000,    21.210635,    3.591484,    10.251422,    20.386943,    251 
254.905500,    78.494806,    98.000000,    20.859438,    4.179273,    8.221362,    20.442427,    225
254.586917,    78.723472,    106.000000,    20.893518,    4.292733,    8.366311,    20.453582,    230
256.639417,    78.422083,    63.000000,    20.667553,    4.698221,    5.832223,    20.494344,    186
256.548833,    78.410417,    312.000000,    21.362367,    4.764471,    10.251422,    20.501115,    251 
257.139167,    78.498389,    3295.000000,    22.386068,    5.045825,    10.251422,    20.530139,    251 
257.241625,    78.837528,    892.000000,    21.818577,    5.580686,    10.251422,    20.586117,    251 
255.134083,    78.936056,    255.000000,    21.274752,    5.702466,    10.251422,    20.598940,    251 
257.330500,    78.504500,    89.000000,    20.817602,    6.078165,    8.059809,    20.638524,    217
255.855042,    78.344111,    828.000000,    21.786243,    6.155401,    10.251422,    20.646653,    251 
257.438500,    78.518611,    130.000000,    20.982156,    6.539134,    10.251422,    20.686901,    244
255.789884,    78.688970,    43.770000,    20.509389,    0.075114,    4.702510,    20.181328,    150
256.161650,    78.886760,    1032.640000,    21.882161,    2.980081,    10.251422,    20.334450,    251 
255.456250,    79.037778,    3165.870000,    22.368705,    8.632676,    10.251422,    20.897153,    251 
256.979330,    78.747139,    79.850000,    20.770487,    2.869135,    7.897207,    20.325603,    209
257.416120,    78.552139,    356.420000,    21.420174,    5.850165,    10.251422,    20.614504,    251 
256.704000,    78.592722,    37.250000,    20.439339,    1.692168,    3.856448,    20.245840,    132
256.751920,    78.689861,    251.900000,    21.269440,    1.563813,    10.251422,    20.238618,    251 
254.509250,    78.563389,    214.620000,    21.199882,    5.282973,    10.251422,    20.554865,    251 
255.334710,    78.755306,    47.380000,    20.543807,    1.270215,    5.253304,    20.222960,    157
255.044580,    79.004444,    350.290000,    21.412640,    8.479698,    10.251422,    20.882503,    251 
254.954170,    78.972222,    295.760000,    21.339152,    7.634608,    10.251422,    20.799374,    251 
257.291250,    78.875556,    1860.860000,    22.137926,    6.717274,    10.251422,    20.705474,    251 
256.285830,    78.685000,    1128.810000,    21.920833,    0.305855,    10.251422,    20.179250,    251 
256.149580,    78.668056,    124.020000,    20.961704,    0.108600,    9.236935,    20.178882,    240
255.909170,    78.782778,    132.690000,    20.991050,    0.797839,    10.251422,    20.199716,    246
254.196670,    78.783056,    231.750000,    21.233232,    7.593249,    10.251422,    20.795216,    251 
254.714170,    78.516667,    330.380000,    21.387226,    4.750804,    10.251422,    20.499716,    251 
257.630000,    78.486111,    300.790000,    21.346476,    8.605911,    10.251422,    20.894599,    251 
257.198330,    78.432222,    192.510000,    21.152666,    6.978708,    10.251422,    20.732559,    251 
257.174170,    78.395833,    280.390000,    21.315975,    7.934279,    10.251422,    20.829263,    251 
257.341250,    78.368333,    644.790000,    21.677631,    9.903554,    10.251422,    21.013858,    251 
255.530420,    78.291667,    322.890000,    21.377267,    8.680287,    10.251422,    20.901687,    251 
257.252500,    78.772056,    2150.110000,    22.200673,    4.599316,    10.251422,    20.484287,    251 