B1,     255.9,     78.6288888889,     0.053614,           16.1V,     None,  B1,  1237656565428060275,  255.899481045,  78.6289115562,  16.70298,  14.67031,  13.73245,  13.27251,  16.70298
B2,     255.892083333,     78.63,     0.056469,           13.8V,     None,  B2,  1237656565428060276,  255.891475112,  78.6298735028,  19.80289,  17.6552,  16.68518,  16.2503,  19.80289
B3,     255.872916667,     78.6319444444,     0.059362,           16.0V,     None,  B3,  1237656565428060273,  255.872399751,  78.6319376456,  18.00046,  15.88447,  14.91594,  14.45812,  18.00046
B4,     255.762083333,     78.5988888889,     0.055045,           15.2V,     None,  B4,  1237663269868929235,  255.761139063,  78.5989644402,  -9999.0,  -9999.0,  -9999.0,  -9999.0,  -9999.0
B5,     255.875416667,     78.6652777778,     0.058567,           15.5V,     None,  B5,  1237663269868929332,  255.875196941,  78.6650648477,  17.94445,  15.9509,  15.00198,  14.54487,  17.94445
B6,     255.2175,     78.6891666667,     0.057823,           16.0V,     None,  B6,  1237663269868863746,  255.217512744,  78.689198628,  18.63555,  16.54843,  15.55714,  15.09666,  18.63555
B7,     256.412916667,     78.6255555556,     0.053844,           15.59,     None,  -1000000,  -1000000,  -1000000,  -1000000,  -1000000,  -1000000,  -1000000,  -1000000,  -1000000
B8,     256.734583333,     78.6858333333,     0.056112,           15.9V,     None,  B8,  1237663269868994758,  256.73431193,  78.6858756912,  18.14676,  16.19357,  15.27187,  14.83303,  18.14676
B9,     256.680416667,     78.5991666667,     0.049734,           16.4V,     None,  B9,  1237663230678794280,  256.680106161,  78.5991949645,  18.47456,  17.98252,  24.80801,  16.32107,  18.47456
B10,     255.985833333,     78.7455555556,     0.05709,           16.1V,     **Note:G12 No radio,  B10,  1237663269868929404,  255.985603789,  78.7454175295,  18.59152,  16.57764,  15.61466,  15.15192,  18.59152
B11,     255.562916667,     78.5963888889,     0.06241,           15.7V,     None,  B11,  1237663230678663471,  255.562586135,  78.5963802534,  18.55191,  16.66973,  15.78454,  15.31652,  18.55191
B12,     255.842916667,     78.7822222222,     0.065398,           16.9V,     None,  B12,  1237656565427994940,  255.842892848,  78.7821341575,  18.92203,  17.35349,  16.52683,  16.03423,  18.92203
B13,     256.200416667,     78.6413888889,     0.063294,           15.1V,     None,  B13,  1237663269868929086,  256.200362783,  78.6414329786,  17.74756,  15.73835,  14.76639,  14.30279,  17.74756
B14,     255.347083333,     78.6875,     0.054094,           16.1V,     None,  B14,  1237656565427995050,  255.347196448,  78.6875338195,  17.82661,  16.39565,  15.75435,  15.37105,  17.82661
B15,     254.576666667,     78.4927777778,     0.059521,           15.2V,     None,  B15,  1237655749380800842,  254.57655787,  78.4926994324,  16.60751,  15.41475,  14.85144,  14.4761,  16.60751
B16,     254.695,     78.4227777778,     0.052159,           15.5V,     None,  B16,  1237662720113312087,  254.694931533,  78.4226461058,  17.30396,  15.59595,  14.78462,  14.35527,  17.30396
B17,     255.799583333,     78.675,     0.052276,           16.4V,     None,  B17,  1237663269868929050,  255.798993818,  78.6749916909,  18.74309,  16.81572,  15.904,  15.4612,  18.74309
B18,     256.068333333,     78.6791666667,     0.052133,           16.1V,     None,  B18,  1237663269868929392,  256.067879439,  78.679207347,  18.60702,  16.62029,  15.69036,  15.22106,  18.60702
B19,     256.113333333,     78.6402777778,     0.059366,           13.8V,     None,  B19,  1237663269868929094,  256.113221703,  78.6403734222,  16.6264,  14.51756,  13.60638,  13.12685,  16.6264
B20,     255.705416667,     78.6413888889,     0.056492,           16.5V,     None,  B20,  1237663269868863838,  255.704782995,  78.6413291767,  19.15421,  17.09695,  16.17959,  15.73294,  19.15421
B21,     256.2375,     78.7183333333,     0.062316,           17.0R,     None,  B21,  1237663269868929590,  256.236629855,  78.718253638,  19.43619,  18.05313,  17.36687,  16.95937,  19.43619
B22,     255.572916667,     78.7646111111,     0.066358,          None ,     None,  B22,  1237656565427994915,  255.573723766,  78.7644029636,  19.20587,  17.13057,  16.27758,  15.87553,  19.20587
B23,     256.39125,     78.5866666667,     0.062681,           15.6V,     None,  B23,  1237663230678728929,  256.390994358,  78.5865921631,  18.14285,  16.15585,  15.20296,  14.72534,  18.14285
B24,     255.577083333,     78.7677777778,     0.065418,           16.1V,     None,  B24,  1237656565427994914,  255.576923746,  78.7675919545,  18.02289,  16.65356,  15.94943,  15.51658,  18.02289
B25,     255.37375,     78.6019444444,     0.059765,           16.4V,     None,  B25,  1237656565428060545,  255.373663729,  78.602052724,  18.79399,  16.87062,  15.915,  15.44615,  18.79399
B26,     256.202916667,     78.8058333333,     0.065539,           15.7V,     None,  B26,  1237663269868929529,  256.202767981,  78.8058595878,  18.23685,  16.23555,  15.26457,  14.82211,  18.23685
B27,     256.29875,     78.8041388889,     0.066474,          None ,     **Note related to G221,  B27,  1237663269868994711,  256.299669873,  78.8038686815,  17.93059,  16.74247,  16.12103,  15.75301,  17.93059
B28,     256.313333333,     78.8037666667,     0.066474,          None ,     **Note G221:double galaxy,  B28,  1237663269868994714,  256.314307194,  78.8037144411,  20.46196,  19.02977,  18.28109,  17.8769,  20.46196
B29,     255.134166667,     78.67,     0.059778,           15.9V,     None,  B29,  1237656565427995059,  255.133782887,  78.6699789475,  18.35654,  16.48428,  15.54897,  15.08507,  18.35654
B30,     255.24625,     78.7497222222,     0.053257,           15.58,     None,  B30,  1237656565427994885,  255.246500376,  78.7498044616,  18.13948,  16.26784,  15.35622,  14.89301,  18.13948
B31,     255.249583333,     78.7588888889,     0.056799,           17.3R,     None,  B31,  1237663269868863582,  255.250180195,  78.7585743266,  18.99701,  17.74692,  17.13749,  16.79104,  18.99701
B32,     255.122083333,     78.6347222222,     0.058987,           16.4V,     None,  B32,  1237663269868863675,  255.122270708,  78.6346510612,  18.96465,  17.02757,  16.05981,  15.60444,  18.96465
B33,     256.549166667,     78.5472222222,     0.061439,           15.6V,     None,  B33,  1237663230678729266,  256.548668539,  78.5471712978,  -9999.0,  -9999.0,  15.22398,  14.75623,  -9999.0
B34,     256.24375,     78.8330555556,     0.065345,           16.27,     **Note G242: change optical position,  B34,  1237663269868994575,  256.244192819,  78.8331485009,  19.74024,  17.76898,  16.79728,  16.24689,  19.74024
B35,     255.97375,     78.4866666667,     0.054256,           17.8V,     None,  B35,  1237656565428125956,  255.973333168,  78.4865114484,  19.53557,  18.18484,  17.59169,  17.31517,  19.53557
B36,     255.89375,     78.8486111111,     0.063188,           16.6V,     None,  B36,  1237663231215599974,  255.893507724,  78.8485681726,  18.25739,  16.95087,  16.2742,  15.86092,  18.25739
B37,     256.8625,     78.6058333333,     0.058553,           16.6V,     None,  B37,  1237663230678794442,  256.86240994,  78.6059445984,  19.09721,  17.17233,  16.37618,  15.95413,  19.09721
B38,     256.230416667,     78.852,     0.066003,          None ,     None,  B38,  1237663269868994718,  256.230578296,  78.8522262653,  19.80752,  18.19998,  17.44226,  17.03988,  19.80752
B39,     255.695,     78.8627777778,     0.055498,           15.7V,     None,  B39,  1237663231215599911,  255.69463813,  78.8627343008,  18.02243,  16.16334,  15.21279,  14.75917,  18.02243
B40,     256.618333333,     78.8208333333,     0.063357,           17.6V,     None,  B40,  1237663269868994787,  256.61821953,  78.8207707715,  19.47391,  17.96672,  17.27746,  16.86689,  19.47391
B41,     255.55125,     78.8591666667,     0.064461,           16.4V,     None,  B41,  1237656565427929429,  255.550945229,  78.8591315418,  18.81056,  16.97897,  16.10238,  15.59498,  18.81056
B42,     255.392916667,     78.8461111111,     0.065106,           16.6R,     None,  B42,  1237656565427929434,  255.393739747,  78.8462576204,  19.16813,  17.65726,  16.79103,  16.26701,  19.16813
B43,     256.39,     78.8547222222,     0.065502,           15.3V,     None,  B43,  1237663269868994739,  256.389957853,  78.8546244618,  17.23078,  16.016,  15.34449,  14.88675,  17.23078
B44,     257.045416667,     78.6533333333,     0.050104,           17.6V,     None,  B44,  1237663230678794779,  257.045106501,  78.653435089,  19.18621,  18.00641,  17.3637,  17.0075,  19.18621
B45,     255.08125,     78.8102777778,     0.050552,           16.13,     None,  -1000000,  -1000000,  -1000000,  -1000000,  -1000000,  -1000000,  -1000000,  -1000000,  -1000000
B46,     255.10625,     78.8241666667,     0.051287,           16.5R,     None,  B46,  1237663231215534435,  255.107230277,  78.8240138425,  19.43351,  17.57716,  16.80207,  16.36746,  19.43351
B47,     256.815833333,     78.5022222222,     0.062813,           17.2V,     None,  B47,  1237663230678794661,  256.81521259,  78.5021733364,  18.98319,  17.69519,  16.47644,  16.00573,  18.98319
B48,     256.060416667,     78.91,     0.063314,           18.2V,     None,  B48,  1237663231215665398,  256.060428113,  78.9099566869,  19.53127,  18.47887,  18.13574,  17.80482,  19.53127
B49,     257.013333333,     78.5441666667,     0.059743,           18.0V,     None,  B49,  1237663230678794724,  257.012861163,  78.544097885,  20.13627,  18.51594,  17.60781,  17.13215,  20.13627
B50,     255.570416667,     78.9030555556,     0.065243,           17.8V,     None,  B50,  1237663231215599906,  255.569807712,  78.9029710181,  19.05872,  17.69607,  17.08054,  16.67933,  19.05872
B51,     254.90625,     78.4952777778,     0.052713,           16.4V,     None,  B51,  1237655749380866191,  254.906096612,  78.4952340644,  -9999.0,  -9999.0,  -9999.0,  -9999.0,  -9999.0
B52,     254.586666667,     78.7238888889,     0.053068,            ... ,     None,  B52,  1237663269868798241,  254.587341489,  78.7235395379,  18.60868,  17.06268,  16.26982,  16.38029,  18.60868
B53,     256.639583333,     78.4219444444,     0.052123,           15.61,     **Note G310:optical position changed,  B53,  1237663269332058258,  256.638383023,  78.422263501,  18.55976,  16.62299,  15.70522,  15.23102,  18.55976
B54,     256.547916667,     78.4105555556,     0.061101,           17.8V,     None,  B54,  1237656565428191612,  256.548752481,  78.4104739865,  19.50291,  18.17724,  17.50449,  17.11265,  19.50291
B55,     257.139583333,     78.4983333333,     0.062253,           15.2V,     None,  B55,  1237663230678794417,  257.139081118,  78.4983802393,  17.99263,  15.87979,  14.92031,  14.44202,  17.99263
B56,     257.242083333,     78.8375,     0.053527,           15.7V,     None,  B56,  1237663269869060112,  257.241581614,  78.8374888097,  17.77209,  15.94307,  15.0505,  14.58174,  17.77209
B57,     255.134583333,     78.9361111111,     0.050698,           16.39,     None,  B57,  1237663231215599819,  255.134546147,  78.936088259,  18.71879,  16.95435,  16.05746,  15.57189,  18.71879
B58,     257.327916667,     78.5047222222,     0.055706,           16.7R,     None,  -1000000,  -1000000,  -1000000,  -1000000,  -1000000,  -1000000,  -1000000,  -1000000,  -1000000
B59,     255.853333333,     78.3441666667,     0.063117,           16.4R,     None,  B59,  1237663269331992717,  255.854894667,  78.3440867177,  18.40294,  17.2278,  16.68898,  16.30788,  18.40294
B60,     257.43,     78.5177777778,     0.061913,           16.63,     None,  -1000000,  -1000000,  -1000000,  -1000000,  -1000000,  -1000000,  -1000000,  -1000000,  -1000000
B61,     255.78875,     78.6888888889,     0.047636,           16.8V,     None,  B61,  1237656565427995145,  255.788411545,  78.6888647016,  -9999.0,  -9999.0,  -9999.0,  -9999.0,  -9999.0
B62,     256.15625,     78.8888888889,     0.060451,           18.1V,     None,  B62,  1237663231215665231,  256.155667193,  78.8888857829,  19.19084,  17.89357,  17.5511,  17.25821,  19.19084
B63,     255.455,     79.0377777778,     0.064387,           15.6 ,     None,  B63,  1237663231215599938,  255.454548538,  79.0378746603,  17.15535,  15.38626,  14.53821,  14.08464,  17.15535
B64,     256.979583333,     78.7469444444,     0.056516,           17.0V,     None,  B64,  1237663269868994834,  256.979324584,  78.7470759588,  19.14963,  17.36313,  16.4453,  16.04538,  19.14963
B65,     257.414583333,     78.5522222222,     0.053817,           15.73,     None,  B65,  1237663230678860038,  257.416130813,  78.5520170183,  17.95255,  16.22254,  15.37191,  14.92419,  17.95255
B66,     256.704166667,     78.5927777778,     0.058077,           16.0V,     None,  B66,  1237663230678794264,  256.703930121,  78.592663432,  24.36416,  18.06705,  17.10814,  16.57804,  24.36416
B67,     256.752083333,     78.6897222222,     0.056559,           17.6V,     None,  B67,  1237663269868994760,  256.751961901,  78.6897789579,  20.61232,  18.4701,  17.51958,  17.13471,  20.61232
B68,     254.505,     78.5627777778,     0.064051,           15.40,     None,  -1000000,  -1000000,  -1000000,  -1000000,  -1000000,  -1000000,  -1000000,  -1000000,  -1000000
B69,     255.334166667,     78.7555555556,     0.056605,           18.0R,     None,  B69,  1237663269868864161,  255.334598512,  78.7552344574,  20.43874,  18.91024,  18.22282,  17.75945,  20.43874
B70,     255.044583333,     79.0044444444,     0.057967,           16.44,     None,  B70,  1237663231215599825,  255.045909732,  79.0042723246,  18.55432,  16.87271,  16.00419,  15.55768,  18.55432
B71,     254.954166667,     78.9722222222,     0.058836,            ... ,     None,  B71,  1237656565427864068,  254.955923945,  78.9722774786,  19.99234,  18.72859,  18.12274,  17.72529,  19.99234
B72,     257.29125,     78.8755555556,     0.062526,           15.9V,     None,  B72,  1237663269869060334,  257.291231067,  78.8755058411,  17.4849,  16.20008,  15.497,  15.09942,  17.4849
B73,     256.285833333,     78.685,     0.059464,            ... ,     None,  B73,  1237663269868929212,  256.286138702,  78.6849724033,  19.40607,  17.44981,  16.66214,  16.36099,  19.40607
B74,     256.149583333,     78.6680555556,     0.065715,           17.8V,     None,  B74,  1237663269868929418,  256.149332303,  78.6681535645,  19.48927,  17.89213,  17.01176,  16.57884,  19.48927
B75,     255.9075,     78.7829444444,     0.066187,          None ,     None,  B75,  1237663269868929423,  255.908862206,  78.78282245,  20.33916,  18.45026,  17.52826,  17.08714,  20.33916
B76,     254.196666667,     78.7830555556,     0.05653,           16.40,     None,  -1000000,  -1000000,  -1000000,  -1000000,  -1000000,  -1000000,  -1000000,  -1000000,  -1000000
B77,     254.714166667,     78.5166666667,     0.061723,           16.11,     None,  -1000000,  -1000000,  -1000000,  -1000000,  -1000000,  -1000000,  -1000000,  -1000000,  -1000000
B78,     257.63,     78.4861111111,     0.05286,           16.54,     None,  B78,  1237663269332189439,  257.630824915,  78.4860278695,  18.82439,  17.15493,  16.31477,  15.91225,  18.82439
B79,     257.198333333,     78.4322222222,     0.056239,           17.2V,     None,  B79,  1237663269332123864,  257.198236687,  78.4324122008,  19.01929,  17.41553,  16.7017,  16.32695,  19.01929
B80,     257.174166667,     78.3958333333,     0.056765,           17.9V,     None,  B80,  1237663269332123997,  257.173445361,  78.395885012,  19.88031,  18.28336,  17.48129,  17.08025,  19.88031
B81,     257.34125,     78.3683333333,     0.053797,            ... ,     None,  B81,  1237663269332123885,  257.341519056,  78.3682952906,  18.48406,  16.93654,  16.05923,  15.62499,  18.48406
B82,     255.530416667,     78.2916666667,     0.059121,           15.55,     None,  B82,  1237663269331927318,  255.530307681,  78.2916746203,  17.61428,  16.24395,  15.51515,  15.11197,  17.61428
B83,     257.2525,     78.7720555556,     0.039479,          None ,     None,  B83,  1237663269869060292,  257.254205541,  78.7718765918,  17.51084,  16.04759,  15.24681,  14.81719,  17.51084
B84,    255.89875,    78.665,    0.051632,          16.7V,    None,  B84,  1237656565428060463,  255.898534288,  78.6649284649,  19.37569,  17.27476,  16.33756,  15.881,  19.37569
B85,    255.905416667,    78.675,    0.056641,          18.0V,    None,  B85,  1237656565428060456,  255.90519064,  78.6750785458,  20.26042,  18.4084,  17.49511,  17.07043,  20.26042
B86,    255.924583333,    78.6547222222,    0.049175,          18.5R,    None,  B86,  1237656565428060534,  255.925578832,  78.6544082523,  21.54961,  19.66547,  18.79634,  18.40788,  21.54961
B87,    256.004166667,    78.6583333333,    0.059,           ... ,    None,  -1000000,  -1000000,  -1000000,  -1000000,  -1000000,  -1000000,  -1000000,  -1000000,  -1000000
B88,    255.9625,    78.6430555556,    0.05732,           ... ,    None,  -1000000,  -1000000,  -1000000,  -1000000,  -1000000,  -1000000,  -1000000,  -1000000,  -1000000
B89,    255.803333333,    78.6722222222,    0.055495,          17.9V,    None,  B89,  1237656565428060201,  255.802587587,  78.6722809396,  20.89939,  18.88011,  17.97029,  17.55348,  20.89939
B90,    255.9075,    78.6408333333,    0.058801,          16.9V,    None,  B90,  1237656565428060282,  255.907130523,  78.640802561,  19.42312,  17.29728,  16.37787,  15.93901,  19.42312
B91,    255.884166667,    78.6305555556,    0.0593,           ... ,    None,  -1000000,  -1000000,  -1000000,  -1000000,  -1000000,  -1000000,  -1000000,  -1000000,  -1000000
B92,    255.98625,    78.6266666667,    0.050251,          16.4V,    None,  B92,  1237663230678728783,  255.98571274,  78.6265411886,  18.88015,  16.8743,  15.97375,  15.54754,  18.88015
B93,    256.125416667,    78.6466666667,    0.055879,          17.3V,    None,  B93,  1237656565428060288,  256.124907097,  78.6465106642,  19.77805,  17.65855,  16.72871,  16.30341,  19.77805
B94,    255.94375,    78.6233333333,    0.05966,          17.9V,    None,  B94,  1237663230678728788,  255.943996892,  78.6232247992,  20.17156,  18.31216,  17.3871,  17.05928,  20.17156
B95,    256.100833333,    78.6383333333,    0.0581,          15.5 ,    None,  -1000000,  -1000000,  -1000000,  -1000000,  -1000000,  -1000000,  -1000000,  -1000000,  -1000000
B96,    256.05625,    78.6286111111,    0.056092,          14.6V,    None,  B96,  1237663230678728781,  256.055929579,  78.6287238977,  16.9918,  14.9191,  13.87803,  13.47092,  16.9918
B97,    255.745,    78.6377777778,    0.05258,          17.2R,    None,  B97,  1237663269868863853,  255.744641263,  78.6377688728,  -9999.0,  -9999.0,  17.55656,  -9999.0,  -9999.0
B98,    255.886666667,    78.6172222222,    0.056034,          18.2V,    None,  B98,  1237663230678729072,  255.886448887,  78.6172152716,  20.44543,  18.75582,  17.86987,  17.4574,  20.44543
B99,    255.93125,    78.7175,    0.0581,           ... ,    None,  -1000000,  -1000000,  -1000000,  -1000000,  -1000000,  -1000000,  -1000000,  -1000000,  -1000000
B100,    255.742083333,    78.7013888889,    0.053293,          17.4R,    None,  B100,  1237663269868929306,  255.741942764,  78.7014255793,  20.52946,  18.59972,  17.71,  17.27816,  20.52946
B101,    255.909583333,    78.615,    0.052863,          17.4V,    None,  B101,  1237656565428060286,  255.909172722,  78.6149825741,  20.38218,  18.30825,  17.40289,  16.99254,  20.38218
B102,    256.091666667,    78.7083333333,    0.049891,          16.9V,    None,  B102,  1237663269868929432,  256.091162167,  78.7083478119,  19.60732,  17.62883,  16.7169,  16.29725,  19.60732
B103,    256.1975,    78.6752777778,    0.055374,          17.7V,    None,  B103,  1237663269868929451,  256.197267972,  78.6753047558,  20.17356,  18.32938,  17.43759,  17.02438,  20.17356
B104,    256.16875,    78.6919444444,    0.062032,          18.3V,    None,  B104,  1237663269868929454,  256.16852499,  78.6918897162,  20.8179,  18.97036,  18.09392,  17.68566,  20.8179
B105,    255.869583333,    78.6141666667,    0.059714,          16.7V,    None,  B105,  1237663230678729069,  255.869170722,  78.6140816088,  19.01143,  17.14979,  16.25582,  15.80584,  19.01143
B106,    255.655833333,    78.6763888889,    0.059306,          17.3V,    None,  B106,  1237663269868929266,  255.655459015,  78.6764206071,  19.78301,  17.90738,  16.9572,  16.51926,  19.78301
B107,    256.137083333,    78.7055555556,    0.050664,          17.2V,    None,  B107,  1237663269868929444,  256.136848922,  78.7055265246,  19.35552,  17.66541,  16.79652,  16.39549,  19.35552
B108,    256.21625,    78.6741666667,    0.059155,          17.3V,    None,  B108,  1237663269868929450,  256.215775113,  78.6741334518,  19.72104,  17.90797,  16.95378,  16.5017,  19.72104
B109,    255.644583333,    78.6602777778,    0.059221,          16.9V,    None,  B109,  1237663269868863810,  255.643947286,  78.6602382772,  19.29258,  17.39645,  16.52662,  16.11534,  19.29258
B110,    256.169583333,    78.6280555556,    0.065628,          17.2V,    None,  B110,  1237663230678728786,  256.169171297,  78.628108871,  19.64476,  17.78369,  16.8557,  16.4197,  19.64476
B111,    255.75625,    78.6144444444,    0.055091,          16.4V,    None,  B111,  1237663269868863820,  255.755909504,  78.6143169055,  18.00271,  16.68724,  15.76546,  15.32498,  18.00271
B112,    256.264583333,    78.6672222222,    0.055912,          16.5V,    None,  B112,  1237663269868929462,  256.26402783,  78.667359839,  18.84719,  16.86881,  15.92812,  15.473,  18.84719
B113,    256.183333333,    78.6227777778,    0.050398,          16.2V,    None,  B113,  1237663230678728782,  256.182579736,  78.6227688681,  18.87324,  16.79671,  15.85256,  15.39445,  18.87324
B114,    256.205833333,    78.6283333333,    0.057424,          17.4R,    None,  B114,  1237663230678728789,  256.205649469,  78.6284601152,  20.65601,  18.36237,  17.42633,  17.11351,  20.65601
B115,    255.839583333,    78.7316666667,    0.050235,          16.4R,    None,  B115,  1237656565427995041,  255.84094192,  78.7315248967,  19.65656,  17.80636,  16.93354,  16.507,  19.65656
B116,    256.240833333,    78.6369444444,    0.065131,          17.5V,    None,  B116,  1237663269868929100,  256.240716377,  78.636893839,  21.26818,  19.26497,  18.35433,  17.91261,  21.26818
B117,    256.08875,    78.6058333333,    0.058071,          18.2V,    None,  B117,  1237656565428060294,  256.088406213,  78.6059607969,  20.44177,  18.42178,  17.53603,  17.13285,  20.44177
B118,    256.243333333,    78.7008333333,    0.05767,          17.0V,    None,  B118,  1237663269868929484,  256.243163478,  78.7009169337,  19.48905,  17.54657,  16.65464,  16.25986,  19.48905
B119,    255.579166667,    78.6483333333,    0.053,           ... ,    None,  -1000000,  -1000000,  -1000000,  -1000000,  -1000000,  -1000000,  -1000000,  -1000000,  -1000000
B120,    255.9825,    78.7388888889,    0.052198,          17.9V,    None,  B120,  1237663269868929407,  255.982373852,  78.7388878629,  20.59332,  18.39034,  17.5236,  17.11017,  20.59332
B121,    255.571666667,    78.6383333333,    0.052136,          16.7V,    None,  B121,  1237663269868863786,  255.571176538,  78.6383522951,  19.11304,  17.24704,  16.34021,  15.9048,  19.11304
B122,    255.857083333,    78.5916666667,    0.053432,          18.3V,    None,  B122,  1237656565428060630,  255.856649329,  78.5916866542,  20.49794,  18.8688,  17.97859,  17.56495,  20.49794
B123,    255.633333333,    78.7180555556,    0.051432,          16.8V,    None,  B123,  1237663269868929296,  255.632651551,  78.7181201153,  19.09279,  17.23238,  16.33857,  15.89387,  19.09279
B124,    256.326666667,    78.6461111111,    0.058981,          16.6V,    None,  B124,  1237663230678729233,  256.326580556,  78.646022768,  19.42766,  17.38257,  16.40344,  15.93679,  19.42766
B125,    256.35,    78.6730555556,    0.060466,          17.7V,    None,  B125,  1237663269868929502,  256.349948308,  78.6730370938,  20.74327,  18.28858,  17.38525,  16.96366,  20.74327
B126,    256.362916667,    78.6463888889,    0.065375,          16.6V,    None,  B126,  1237663269868929473,  256.362790558,  78.6464637325,  18.9777,  17.06432,  16.12662,  15.69656,  18.9777
B127,    256.3775,    78.6719444444,    0.057353,          16.4V,    None,  B127,  1237663269868929501,  256.377247625,  78.6719374784,  18.70926,  16.81643,  15.90205,  15.47332,  18.70926
B128,    255.57125,    78.7213888889,    0.060465,          16.6V,    None,  B128,  1237663269868863846,  255.570827742,  78.7213501018,  19.05332,  17.13656,  16.25955,  15.83361,  19.05332
B129,    256.050833333,    78.58,    0.065521,          17.5V,    None,  B129,  1237656565428060668,  256.050420669,  78.5800401498,  19.9533,  18.11119,  17.15002,  16.70664,  19.9533
B130,    255.946666667,    78.5763888889,    0.057623,          17.3V,    None,  B130,  1237656565428060665,  255.946259505,  78.5764312791,  19.48975,  17.81252,  16.93638,  16.5385,  19.48975
B131,    256.38625,    78.6505555556,    0.051272,          16.9V,    None,  B131,  1237663269868929475,  256.38603646,  78.6504288245,  19.38896,  17.59837,  16.71308,  16.29354,  19.38896
B132,    255.73,    78.5844444444,    0.054559,          17.0V,    None,  B132,  1237663230678729030,  255.729617636,  78.5843598668,  19.38721,  17.61411,  16.78924,  16.38206,  19.38721
B133,    255.584166667,    78.6036111111,    0.051961,          16.8V,    None,  B133,  1237663269868863766,  255.58347289,  78.603432905,  19.50237,  17.35191,  16.42094,  15.98261,  19.50237
B134,    256.389583333,    78.6947222222,    0.05934,          18.3V,    None,  B134,  1237663269868994889,  256.389941952,  78.694798035,  -9999.0,  -9999.0,  -9999.0,  -9999.0,  -9999.0
B135,    256.079166667,    78.7569444444,    0.065738,           ... ,    None,  B135,  1237663269868929459,  256.079293739,  78.7569519859,  22.18724,  19.23463,  17.71923,  16.85543,  22.18724
B136,    255.492083333,    78.7105555556,    0.049483,          16.6R,    None,  B136,  1237656565427994782,  255.493065619,  78.710493946,  18.70445,  17.50871,  17.06266,  16.90413,  18.70445
B137,    256.117916667,    78.7577777778,    0.058485,          18.6V,    None,  B137,  1237663269868929588,  256.117629894,  78.7577434225,  21.16302,  18.91973,  18.06547,  17.70076,  21.16302
B138,    255.595,    78.5938888889,    0.055722,          16.6V,    None,  B138,  1237663230678729015,  255.594743153,  78.593895869,  -9999.0,  -9999.0,  -9999.0,  -9999.0,  -9999.0
B139,    256.448333333,    78.6658333333,    0.062097,           ... ,    None,  B139,  1237663269868929524,  256.448869092,  78.665795212,  21.00272,  19.04274,  18.13803,  17.74387,  21.00272
B140,    255.612916667,    78.7469444444,    0.056256,          17.1V,    None,  B140,  1237663269868929304,  255.61233527,  78.7470091599,  19.53775,  17.71605,  16.79075,  16.3453,  19.53775
B141,    255.805416667,    78.7655555556,    0.052236,          16.8V,    None,  B141,  1237656565427994960,  255.805504168,  78.7655436921,  19.40533,  17.34416,  16.39655,  15.94334,  19.40533
B142,    256.247083333,    78.5844444444,    0.057016,          16.8V,    None,  B142,  1237656565428060676,  256.247008875,  78.5844369538,  19.16108,  17.15381,  16.23776,  15.79898,  19.16108
B143,    256.19625,    78.5761111111,    0.062766,          16.3R,    None,  B143,  1237663230678728932,  256.197519015,  78.5758194697,  19.49582,  17.55435,  16.60096,  16.14165,  19.49582
B144,    255.59,    78.7505555556,    0.058541,          17.6V,    None,  B144,  1237656565427994958,  255.589837271,  78.7504953189,  19.95773,  18.06325,  17.15492,  16.72498,  19.95773
B145,    255.38,    78.6697222222,    0.065624,          19.3R,    None,  B145,  1237656565427995567,  255.381259313,  78.6695177748,  25.90331,  21.2629,  19.76251,  18.94329,  25.90331
B146,    255.434166667,    78.6147222222,    0.060362,          17.5V,    None,  B146,  1237656565428060229,  255.433748613,  78.6147436334,  20.20787,  18.15272,  17.28123,  16.85882,  20.20787
B147,    256.0175,    78.5563888889,    0.057891,          17.0V,    None,  B147,  1237663230678729108,  256.016977779,  78.5562710337,  19.41289,  17.48117,  16.57743,  16.14094,  19.41289
B148,    256.382916667,    78.5972222222,    0.062218,          17.8V,    None,  B148,  1237663230678729376,  256.382290117,  78.5971739088,  19.46063,  17.90392,  17.09573,  16.70088,  19.46063
B149,    255.65125,    78.7661111111,    0.063104,          16.8V,    None,  B149,  1237656565427994949,  255.651295024,  78.7660320132,  19.25137,  17.33002,  16.38593,  15.93527,  19.25137
B150,    256.427083333,    78.6069444444,    0.058501,          17.6V,    None,  B150,  1237663230678729264,  256.426862194,  78.6069057395,  19.9382,  18.03935,  17.11182,  16.68825,  19.9382
B151,    256.234166667,    78.5675,    0.061636,          18.3V,    None,  B151,  1237656565428060724,  256.233766168,  78.5675548822,  21.18954,  18.84418,  17.97236,  17.57201,  21.18954
B152,    255.409166667,    78.7213888889,    0.056923,          17.0R,    None,  B152,  1237663269868863610,  255.409945065,  78.7210820489,  19.9792,  17.97932,  17.08107,  16.64173,  19.9792
B153,    255.802083333,    78.5525,    0.055052,          16.6V,    None,  B153,  1237663230678729036,  255.801488822,  78.5524242393,  18.91858,  16.95213,  16.07975,  15.6398,  18.91858
B154,    255.544583333,    78.7580555556,    0.060002,          16.1V,    None,  B154,  1237663269868929276,  255.54410306,  78.7579976981,  18.22787,  16.42837,  15.63319,  15.25819,  18.22787
B155,    255.660416667,    78.5594444444,    0.051409,          16.6V,    None,  B155,  1237663230678729014,  255.660692675,  78.5594903018,  -9999.0,  -9999.0,  -9999.0,  -9999.0,  -9999.0
B156,    255.993333333,    78.5430555556,    0.056741,          16.6R,    None,  B156,  1237663230678729064,  255.99456314,  78.5428216369,  19.56066,  17.75354,  16.85876,  16.42826,  19.56066
B157,    255.522083333,    78.7627777778,    0.059014,          15.9V,    None,  B157,  1237656565427994911,  255.521753867,  78.7625712024,  18.2237,  16.3494,  15.45992,  15.03567,  18.2237
B158,    255.895,    78.7944444444,    0.065902,          15.7V,    None,  B158,  1237663269868929180,  255.895202125,  78.7943663855,  17.9704,  16.14037,  15.20471,  14.76307,  17.9704
B159,    256.07125,    78.7925,    0.064156,          17.0V,    None,  B159,  1237663269868929492,  256.071157991,  78.7925382001,  19.49955,  17.51559,  16.61749,  16.21049,  19.49955
B160,    256.024583333,    78.5305555556,    0.053977,          18.0V,    None,  B160,  1237663230678729066,  256.024274355,  78.5305847724,  20.6577,  18.53302,  17.65286,  17.24028,  20.6577
B161,    255.293333333,    78.7263888889,    0.05378,          15.29,    None,  B161,  1237656565427994733,  255.294336056,  78.7264888686,  19.81532,  17.46172,  16.51646,  16.06746,  19.81532
B162,    256.365833333,    78.5577777778,    0.0544,           ... ,    None,  -1000000,  -1000000,  -1000000,  -1000000,  -1000000,  -1000000,  -1000000,  -1000000,  -1000000
B163,    256.1725,    78.5358333333,    0.055765,          16.7R,    None,  B163,  1237663230678728774,  256.173496187,  78.5356512761,  19.69972,  17.87612,  16.97253,  16.54452,  19.69972
B164,    256.24125,    78.5402777778,    0.060125,          16.75,    None,  B164,  1237656565428125912,  256.241066605,  78.5402765552,  19.33901,  17.36198,  16.40614,  15.97773,  19.33901
B165,    256.633333333,    78.7022222222,    0.062906,          18.0V,    None,  B165,  1237663269868994903,  256.633297362,  78.7022269309,  19.90407,  18.40291,  17.50316,  17.1526,  19.90407
B166,    255.515833333,    78.5475,    0.058397,          18.1V,    None,  B166,  1237663230678663451,  255.515415814,  78.5474721918,  20.01662,  18.38485,  17.55733,  17.0811,  20.01662
B167,    256.317916667,    78.5436111111,    0.06045,          17.6V,    None,  B167,  1237663230678729173,  256.317330637,  78.5435627287,  20.03918,  18.11263,  17.2072,  16.76853,  20.03918
B168,    256.337916667,    78.7888888889,    0.05928,          18.1V,    None,  B168,  1237663269868994715,  256.337730553,  78.7888395804,  20.29443,  18.6333,  17.71827,  17.30181,  20.29443
B169,    255.649583333,    78.8036111111,    0.056135,          16.9V,    None,  B169,  1237656565427994865,  255.64952385,  78.8036505374,  19.37094,  17.43537,  16.48814,  16.04698,  19.37094
B170,    255.23875,    78.6033333333,    0.06098,          17.3V,    None,  B170,  1237663269868863694,  255.23844913,  78.6034348543,  19.34954,  17.76295,  16.89197,  16.48358,  19.34954
B171,    255.169166667,    78.6858333333,    0.054318,          17.6V,    None,  B171,  1237656565427995025,  255.168874104,  78.6858896981,  19.63292,  17.9409,  17.12054,  16.73719,  19.63292
B172,    255.645833333,    78.5244444444,    0.055588,          18.0V,    None,  B172,  1237663230678663466,  255.645482133,  78.5244812399,  19.88885,  18.33422,  17.70222,  17.34706,  19.88885
B173,    255.21375,    78.7302777778,    0.053093,          18.1R,    None,  B173,  1237656565427994950,  255.214281192,  78.7300654526,  20.98746,  18.99298,  18.13068,  17.72833,  20.98746
B174,    256.293333333,    78.5263888889,    0.054788,          16.6V,    None,  B174,  1237656565428125930,  256.292854454,  78.5264354478,  18.85661,  16.97029,  16.05653,  15.63617,  18.85661
B175,    256.560416667,    78.5661111111,    0.058002,          18.4V,    None,  B175,  1237663230678794615,  256.560263349,  78.5659835337,  21.06117,  18.81434,  17.91228,  17.4994,  21.06117
B176,    256.595,    78.5722222222,    0.055566,          17.7V,    None,  B176,  1237663230678794630,  256.594714241,  78.5722597395,  20.04297,  18.25846,  17.39932,  16.95767,  20.04297
B177,    256.679166667,    78.5886111111,    0.059889,          20.0R,    None,  -1000000,  -1000000,  -1000000,  -1000000,  -1000000,  -1000000,  -1000000,  -1000000,  -1000000
B178,    255.098333333,    78.7019444444,    0.058834,          16.8V,    None,  B178,  1237663269868863713,  255.098099028,  78.7019061712,  18.83984,  17.17664,  16.34416,  15.98297,  18.83984
B179,    255.744583333,    78.8302777778,    0.058889,          18.6V,    None,  B179,  1237656565427995187,  255.744383698,  78.8301670751,  20.43246,  18.97559,  18.25603,  17.91619,  20.43246
B180,    256.7825,    78.6427777778,    0.062893,          16.0V,    None,  B180,  1237663230678794710,  256.782249738,  78.6427366766,  18.48194,  16.54258,  15.58324,  15.1171,  18.48194
B181,    256.799583333,    78.6494444444,    0.059698,          17.5V,    None,  B181,  1237663230678794712,  256.79930158,  78.6493620163,  20.23719,  18.10714,  17.16234,  16.7165,  20.23719
B182,    255.3075,    78.7911111111,    0.062012,           ... ,    None,  B182,  1237663269868863903,  255.308153698,  78.7912574824,  20.93753,  18.54503,  17.77846,  17.43156,  20.93753
B183,    255.377083333,    78.5311111111,    0.058956,          16.8V,    None,  B183,  1237656565428060669,  255.377206395,  78.5311136678,  18.93681,  17.18036,  16.2505,  15.84021,  18.93681
B184,    256.830833333,    78.6641666667,    0.061622,          17.3V,    None,  B184,  1237663230678794730,  256.83042835,  78.6642075776,  19.64281,  17.77355,  16.85551,  16.42074,  19.64281
B185,    256.77,    78.5988888889,    0.053094,          17.4R,    None,  B185,  1237663230678794281,  256.769837171,  78.5989721874,  20.47583,  18.55282,  17.61024,  17.16824,  20.47583
B186,    256.457916667,    78.5186111111,    0.059046,          18.1V,    None,  B186,  1237663230678729192,  256.457556653,  78.5185431084,  20.2231,  18.38086,  17.48595,  17.05992,  20.2231
B187,    256.394166667,    78.5094444444,    0.063525,          18.3V,    None,  B187,  1237663230678729181,  256.393755322,  78.5092943699,  20.58514,  18.70225,  17.8327,  17.41406,  20.58514
B188,    256.316666667,    78.5005555556,    0.059915,          17.6V,    None,  B188,  1237663230678729159,  256.316208658,  78.500508827,  18.54468,  16.82792,  15.90037,  15.49331,  18.54468
B189,    256.315,    78.4972222222,    0.060531,          19.0V,    None,  B189,  1237656565428125980,  256.314679115,  78.4973011311,  22.79331,  20.40865,  19.214,  18.74862,  22.79331
B190,    256.71625,    78.5616666667,    0.061426,          17.1V,    None,  B190,  1237663230678794665,  256.716137598,  78.561669313,  19.62337,  17.7011,  16.74896,  16.30258,  19.62337
B191,    256.867083333,    78.6111111111,    0.058851,          16.5V,    None,  B191,  1237663230678794441,  256.866752495,  78.6110861847,  19.04083,  16.94836,  15.99031,  15.53896,  19.04083
B192,    256.309166667,    78.4886111111,    0.054986,          16.8R,    None,  B192,  1237663230678729152,  256.309354067,  78.4885223295,  19.72216,  18.01219,  17.17225,  16.75195,  19.72216
B193,    255.06625,    78.5736111111,    0.061449,          16.5V,    None,  B193,  1237663269868863631,  255.065928982,  78.5737362301,  18.68464,  16.90293,  15.9748,  15.55577,  18.68464
B194,    255.084583333,    78.5652777778,    0.054612,          16.8V,    None,  B194,  1237663269868863636,  255.084313177,  78.5652564291,  19.0704,  17.36977,  16.54499,  16.19701,  19.0704
B195,    254.950833333,    78.7013888889,    0.055357,          17.3V,    None,  B195,  1237656565427994964,  254.950627727,  78.7013615682,  19.45415,  17.74048,  16.84505,  16.41995,  19.45415
B196,    255.390833333,    78.8325,    0.052265,           ... ,    None,  B196,  1237663231215600070,  255.390587369,  78.8323981157,  20.56168,  25.29862,  24.39503,  26.02006,  20.56168
B197,    255.094166667,    78.7894444444,    0.062673,          16.12,    None,  B197,  1237656565427994841,  255.094619954,  78.7894139704,  18.73635,  16.64758,  15.72451,  15.29236,  18.73635
B198,    256.277916667,    78.4727777778,    0.064224,          15.9V,    None,  B198,  1237656565428126013,  256.277724509,  78.47285773,  18.1808,  16.38058,  15.41808,  14.98805,  18.1808
B199,    255.5275,    78.4725,    0.054201,          17.4V,    None,  B199,  1237656565428125934,  255.527062814,  78.4725310723,  19.80285,  17.85317,  16.95437,  16.53669,  19.80285
B200,    255.859166667,    78.8788888889,    0.06373,          17.1V,    None,  B200,  1237663231215599983,  255.858686136,  78.8787590886,  19.57102,  17.59948,  16.66001,  16.22049,  19.57102
B201,    254.880416667,    78.7236111111,    0.056518,          17.5V,    None,  B201,  1237662720113246568,  254.88004753,  78.7235648382,  -9999.0,  -9999.0,  -9999.0,  -9999.0,  -9999.0
B202,    255.21125,    78.8302777778,    0.057897,          16.31,    None,  -1000000,  -1000000,  -1000000,  -1000000,  -1000000,  -1000000,  -1000000,  -1000000,  -1000000
B203,    256.723333333,    78.5155555556,    0.060035,          16.3V,    None,  B203,  1237663230678794637,  256.723110457,  78.5154530674,  18.67242,  16.80622,  15.89487,  15.42492,  18.67242
B204,    257.0225,    78.6255555556,    0.059511,          16.29,    None,  -1000000,  -1000000,  -1000000,  -1000000,  -1000000,  -1000000,  -1000000,  -1000000,  -1000000
B205,    255.117083333,    78.5161111111,    0.060554,          18.2V,    None,  B205,  1237655749380800723,  255.116713471,  78.5162441537,  20.5833,  18.9348,  18.12124,  17.72772,  20.5833
B206,    255.82125,    78.4463888889,    0.054046,          17.2V,    None,  B206,  1237656565428125999,  255.820910595,  78.4463695204,  19.4855,  17.61514,  16.73911,  16.3388,  19.4855
B207,    256.034583333,    78.4463888889,    0.056052,          17.9V,    None,  B207,  1237663230678729040,  256.034264944,  78.4462666788,  20.08894,  18.41208,  17.60415,  17.19484,  20.08894
B208,    255.106666667,    78.5108333333,    0.058147,          16.5V,    None,  B208,  1237663230678663201,  255.106566784,  78.510949004,  18.6479,  16.8611,  15.97968,  15.58269,  18.6479
B209,    254.79875,    78.6205555556,    0.05547,          17.8V,    None,  B209,  1237655749380800756,  254.798544975,  78.6204853965,  19.53011,  18.09984,  17.28257,  16.8318,  19.53011
B210,    257.040833333,    78.5711111111,    0.061846,          17.1V,    None,  B210,  1237663230678794738,  257.040594738,  78.5711603428,  19.06284,  17.26302,  16.43726,  16.06622,  19.06284
B211,    257.15,    78.6755555556,    0.057426,          17.8V,    None,  B211,  1237663230678860028,  257.149680674,  78.6755365065,  19.8252,  18.32078,  17.4879,  17.05494,  19.8252
B212,    255.03125,    78.8311111111,    0.055085,           ... ,    None,  B212,  1237663231215534232,  255.030872284,  78.8309958347,  19.63093,  18.10619,  17.18109,  16.78167,  19.63093
B213,    255.443333333,    78.8922222222,    0.049582,           ... ,    None,  B213,  1237656565427929382,  255.444421876,  78.8924267254,  19.16288,  17.49953,  16.67345,  16.28414,  19.16288
B214,    256.116666667,    78.4222222222,    0.056593,          18.1V,    None,  B214,  1237663230678728749,  256.116654238,  78.4221664087,  20.23986,  18.52799,  17.78922,  17.4002,  20.23986
B215,    257.05875,    78.7802777778,    0.053229,          18.4V,    None,  B215,  1237663269868994874,  257.058347028,  78.7802986628,  20.58723,  18.92767,  18.0414,  17.6851,  20.58723
B216,    256.87125,    78.5025,    0.063512,          18.4V,    None,  B216,  1237663230678794671,  256.870838777,  78.5024949093,  20.64015,  18.85681,  17.94631,  17.52628,  20.64015
B217,    257.103333333,    78.5747222222,    0.060072,          18.1V,    None,  B217,  1237663230678794764,  257.102850244,  78.5748269333,  20.52091,  18.57075,  17.64691,  17.22725,  20.52091
B218,    257.194166667,    78.6177777778,    0.055081,          17.8V,    None,  B218,  1237663230678860004,  257.193808944,  78.6177331328,  19.83436,  18.16602,  17.29555,  16.84202,  19.83436
B219,    254.830833333,    78.8063888889,    0.050456,           ... ,    None,  B219,  1237656565427929433,  254.831461947,  78.8064270494,  20.04147,  18.11522,  17.23411,  16.80965,  20.04147
B220,    254.720833333,    78.7711111111,    0.064537,           ... ,    None,  B220,  1237655749380735320,  254.721475808,  78.7712834725,  21.04123,  19.13127,  18.29458,  17.82003,  21.04123
B221,    255.61625,    78.9183333333,    0.050157,          17.5V,    None,  B221,  1237663231215599925,  255.615824085,  78.9182748216,  19.65147,  17.80247,  16.94739,  16.53934,  19.65147
B222,    257.190416667,    78.5677777778,    0.061095,          17.0V,    None,  B222,  1237663230678794775,  257.190201852,  78.5678024128,  19.44622,  17.59797,  16.69993,  16.25679,  19.44622
B223,    256.377083333,    78.9208333333,    0.057351,           ... ,    None,  B223,  1237663231215665527,  256.377537238,  78.9210963884,  21.39204,  19.48201,  18.65464,  18.25656,  21.39204
B224,    257.312083333,    78.6363888889,    0.060491,          16.9V,    None,  B224,  1237663230678860058,  257.311579917,  78.6365054058,  19.34291,  17.52194,  16.64138,  16.21676,  19.34291
B225,    254.520416667,    78.6608333333,    0.059961,          17.9V,    None,  B225,  1237655749380735287,  254.519871236,  78.660809484,  20.52673,  18.39793,  17.48038,  17.13231,  20.52673
B226,    254.54,    78.7183333333,    0.057185,          18.1V,    None,  B226,  1237662720113181037,  254.539503526,  78.7182738699,  20.44327,  18.46241,  17.59236,  17.21983,  20.44327
B227,    256.8075,    78.8883333333,    0.055255,          16.0V,    None,  B227,  1237663269868994850,  256.807152168,  78.8884062381,  18.32798,  16.51618,  15.58707,  15.15316,  18.32798
B228,    257.35125,    78.705,    0.059618,          16.39,    None,  B228,  1237663230678860082,  257.351262975,  78.7049976904,  18.7492,  16.86069,  15.93791,  15.48009,  18.7492
B229,    254.484583333,    78.6419444444,    0.060327,          18.4V,    None,  B229,  1237655749380735302,  254.48404912,  78.6418541326,  20.50808,  18.89981,  18.01253,  17.67199,  20.50808
B230,    257.25375,    78.5505555556,    0.054009,          16.7V,    None,  B230,  1237663230678794506,  257.253095898,  78.5504940341,  20.05766,  17.21518,  16.34203,  15.88842,  20.05766
B231,    256.634583333,    78.4172222222,    0.0599,          18.0V,    None,  B231,  1237663269332058259,  256.634842602,  78.4170360299,  20.95617,  24.93762,  17.51374,  17.05728,  20.95617
B232,    256.8375,    78.8938888889,    0.055251,          17.1V,    None,  B232,  1237663269868994666,  256.837624542,  78.8939525782,  19.75941,  17.69366,  16.75724,  16.37802,  19.75941
B233,    256.15,    78.38,    0.05835,          17.3V,    None,  B233,  1237656565428191390,  256.149932372,  78.3800261955,  19.8294,  18.07504,  17.18774,  16.74758,  19.8294
B234,    254.472083333,    78.6236111111,    0.058147,          18.0V,    None,  B234,  1237662720113246489,  254.471385983,  78.6235664539,  19.75821,  18.36566,  17.69249,  17.32443,  19.75821
B235,    257.444166667,    78.6925,    0.059681,          16.58,    None,  -1000000,  -1000000,  -1000000,  -1000000,  -1000000,  -1000000,  -1000000,  -1000000,  -1000000
B236,    257.375833333,    78.7627777778,    0.060875,           ... ,    None,  B236,  1237663269869060317,  257.376242029,  78.7626770504,  19.95523,  18.38684,  17.49159,  17.11728,  19.95523
B237,    254.425833333,    78.5919444444,    0.064667,           ... ,    None,  B237,  1237655749380800755,  254.426062355,  78.5920168763,  19.54803,  17.48457,  16.59538,  16.15301,  19.54803
B238,    256.46,    78.3763888889,    0.054861,          16.2V,    None,  B238,  1237663269332058386,  256.459880046,  78.3762809659,  18.27622,  16.525,  15.63491,  15.20821,  18.27622
B239,    256.355,    78.3669444444,    0.057778,          17.0V,    None,  B239,  1237656565428191444,  256.354463973,  78.3668332134,  19.31005,  17.47027,  16.58912,  16.18044,  19.31005
B240,    257.440833333,    78.5519444444,    0.062357,           ... ,    None,  B240,  1237663230678860039,  257.441389919,  78.5520556835,  20.14231,  17.99384,  17.06985,  16.60383,  20.14231
B241,    255.165416667,    78.95,    0.06132,           ... ,    None,  B241,  1237656565427929291,  255.165848766,  78.9501588287,  19.07225,  18.05849,  17.75862,  17.52944,  19.07225
B242,    257.56,    78.6569444444,    0.056446,          16.44,    None,  B242,  1237663230678860111,  257.559708567,  78.657005651,  18.9879,  17.01279,  16.05809,  15.58141,  18.9879
B243,    254.256666667,    78.6577777778,    0.062829,          16.58,    None,  B243,  1237655749380735262,  254.257853024,  78.6574070092,  19.3362,  17.33235,  16.44393,  16.01782,  19.3362
B244,    256.64625,    78.3655555556,    0.056038,          17.5V,    None,  B244,  1237663269332058433,  256.645841748,  78.3656185792,  19.76899,  17.97944,  17.08945,  16.65538,  19.76899
B245,    254.322916667,    78.7847222222,    0.060708,           ... ,    None,  B245,  1237655749380670068,  254.323472397,  78.7849011982,  20.92768,  18.8176,  18.03934,  17.66556,  20.92768
B246,    254.712916667,    78.92,    0.060331,           ... ,    None,  -1000000,  -1000000,  -1000000,  -1000000,  -1000000,  -1000000,  -1000000,  -1000000,  -1000000
B247,    254.272916667,    78.5466666667,    0.05502,          16.04,    None,  B247,  1237662720113246543,  254.272546186,  78.5466282675,  18.86107,  16.71905,  15.75023,  15.29198,  18.86107
B248,    254.170416667,    78.6180555556,    0.0596,           ... ,    None,  B248,  1237662720113246478,  254.170599646,  78.6180600144,  19.57902,  17.63789,  16.75007,  16.33539,  19.57902
B249,    257.64,    78.565,    0.064925,          16.68,    None,  B249,  1237663230678860095,  257.639536827,  78.5650047443,  19.43681,  17.31142,  16.35509,  15.88921,  19.43681
B250,    257.69125,    78.5375,    0.0626,          15.11,    None,  -1000000,  -1000000,  -1000000,  -1000000,  -1000000,  -1000000,  -1000000,  -1000000,  -1000000
B251,    257.0975,    78.3741666667,    0.057518,          17.2V,    None,  B251,  1237663269332123802,  257.097094072,  78.3742675544,  19.19571,  17.59415,  16.89667,  16.58955,  19.19571
B252,    256.809166667,    78.32,    0.05874,           ... ,    None,  -1000000,  -1000000,  -1000000,  -1000000,  -1000000,  -1000000,  -1000000,  -1000000,  -1000000
B253,    254.078333333,    78.5352777778,    0.06129,           ... ,    None,  B253,  1237656564891189481,  254.07853365,  78.5354708776,  19.63305,  17.7863,  16.88362,  16.43107,  19.63305
B254,    253.999166667,    78.7711111111,    0.061452,          16.05,    None,  -1000000,  -1000000,  -1000000,  -1000000,  -1000000,  -1000000,  -1000000,  -1000000,  -1000000
B255,    256.6,    79.0436111111,    0.058659,           ... ,    None,  B255,  1237663231215730857,  256.600801353,  79.0439153813,  20.05473,  18.45749,  17.68272,  17.29157,  20.05473
B256,    257.95625,    78.5980555556,    0.05944,           ... ,    None,  B256,  1237663230678860162,  257.95650436,  78.5977029849,  19.38385,  17.63032,  16.69158,  16.25633,  19.38385
B257,    257.312916667,    78.3661111111,    0.055713,           ... ,    None,  B257,  1237663269332123866,  257.313026757,  78.366497462,  19.26843,  17.51043,  16.70788,  16.34368,  19.26843
