A1,  255.898292,  78.628917,  0.086456,  10.251422,  155.0,  21.058544,  20.180309,  15,  257,  B1,   255.9,   78.6288888889,   0.053614,         16.1V,   None
A2,  255.891375,  78.629778,  0.083825,  10.251422,  6585.0,  22.686768,  20.180525,  14,  257,  B2,   255.892083333,   78.63,   0.056469,         13.8V,   None
A3,  255.872375,  78.632028,  0.078643,  10.251422,  121250.0,  23.951894,  20.180986,  11,  257,  B3,   255.872916667,   78.6319444444,   0.059362,         16.0V,   None
A4,  255.761542,  78.59875,  0.338224,  10.251422,  71953.0,  23.725261,  20.180222,  50,  257,  B4,   255.762083333,   78.5988888889,   0.055045,         15.2V,   None
A5,  255.875167,  78.665167,  0.007352,  10.251422,  49700.0,  23.564569,  20.199902,  3,  257,  B5,   255.875416667,   78.6652777778,   0.058567,         15.5V,   None
A6,  255.2175,  78.689278,  1.190406,  10.251422,  9253.0,  22.834495,  20.218883,  106,  257,  B6,   255.2175,   78.6891666667,   0.057823,         16.0V,   None
A7,  256.414792,  78.62625,  0.630822,  10.251422,  775.0,  21.757514,  20.192015,  76,  257,  B7,   256.412916667,   78.6255555556,   0.053844,         15.59,   None
A8,  256.734208,  78.685972,  1.489105,  10.251422,  9190.0,  22.831528,  20.234525,  122,  257,  B8,   256.734583333,   78.6858333333,   0.056112,         15.9V,   None
A9,  256.680083,  78.59925,  1.553493,  10.251422,  1451.0,  22.02988,  20.238048,  125,  257,  B9,   256.680416667,   78.5991666667,   0.049734,         16.4V,   None
A10,  255.985625,  78.745528,  0.374304,  10.251422,  5348.0,  22.596404,  20.181432,  54,  257,  B10,   255.985833333,   78.7455555556,   0.05709,         16.1V,   **Note:G12 No radio
A11,  255.562417,  78.596472,  0.603027,  10.251422,  524.0,  21.587544,  20.190772,  71,  257,  B11,   255.562916667,   78.5963888889,   0.06241,         15.7V,   None
A12,  255.842667,  78.782222,  0.806909,  10.251422,  1140.0,  21.925117,  20.200143,  89,  257,  B12,   255.842916667,   78.7822222222,   0.065398,         16.9V,   None
A13,  256.200292,  78.641556,  0.202259,  10.251422,  11792.0,  22.9398,  20.177308,  36,  257,  B13,   256.200416667,   78.6413888889,   0.063294,         15.1V,   None
A14,  255.348458,  78.687528,  0.799476,  10.251422,  1241.0,  21.961984,  20.199793,  86,  257,  B14,   255.347083333,   78.6875,   0.054094,         16.1V,   None
A15,  254.576833,  78.492778,  6.032179,  10.251422,  3189.0,  22.371867,  20.633682,  225,  257,  B15,   254.576666667,   78.4927777778,   0.059521,         15.2V,   None
A16,  254.696958,  78.422611,  7.064728,  10.251422,  1109.0,  21.913144,  20.74142,  236,  257,  B16,   254.695,   78.4227777778,   0.052159,         15.5V,   None
A17,  255.7985,  78.674944,  0.044376,  3.184009,  28.0,  20.31537,  20.185688,  9,  179,  B17,   255.799583333,   78.675,   0.052276,         16.4V,   None
A18,  256.067708,  78.679222,  0.051663,  8.964183,  118.0,  20.940094,  20.184372,  9,  252,  B18,   256.068333333,   78.6791666667,   0.052133,         16.1V,   None
A19,  256.112208,  78.640361,  0.115386,  2.991431,  26.0,  20.283186,  20.178562,  20,  175,  B19,   256.113333333,   78.6402777778,   0.059366,         13.8V,   None
A20,  255.704083,  78.641333,  0.155912,  3.281671,  29.0,  20.33061,  20.177449,  27,  179,  B20,   255.705416667,   78.6413888889,   0.056492,         16.5V,   None
A21,  256.235917,  78.718278,  0.367998,  10.251422,  426.0,  21.497622,  20.181212,  53,  257,  B21,   256.2375,   78.7183333333,   0.062316,         17.0R,   None
A22,  255.57375,  78.7645,  0.855012,  5.859022,  64.0,  20.674392,  20.202422,  92,  224,  B22,   255.572916667,   78.7646111111,   0.066358,        None ,   None
A23,  256.390542,  78.586611,  0.861942,  10.251422,  180.0,  21.123485,  20.202752,  93,  257,  B23,   256.39125,   78.5866666667,   0.062681,         15.6V,   None
A24,  255.57625,  78.767778,  0.889423,  10.251422,  2113.0,  22.193112,  20.204065,  95,  257,  B24,   255.577083333,   78.7677777778,   0.065418,         16.1V,   None
A25,  255.373458,  78.602083,  0.959953,  10.251422,  138.0,  21.008091,  20.207465,  97,  257,  B25,   255.37375,   78.6019444444,   0.059765,         16.4V,   None
A26,  256.202292,  78.805889,  1.310523,  10.251422,  203.0,  21.175708,  20.225045,  113,  257,  B26,   256.202916667,   78.8058333333,   0.065539,         15.7V,   None
A27,  256.300167,  78.803972,  1.420276,  10.251422,  462.0,  21.532854,  20.230823,  117,  257,  B27,   256.29875,   78.8041388889,   0.066474,        None ,   **Note related to G221
A28,  256.313667,  78.803694,  1.438623,  10.251422,  205.0,  21.179966,  20.231804,  118,  257,  B28,   256.313333333,   78.8037666667,   0.066474,        None ,   **Note G221:double galaxy
A29,  255.133583,  78.67,  1.451934,  5.620043,  55.0,  20.608575,  20.232518,  120,  220,  B29,   255.134166667,   78.67,   0.059778,         15.9V,   None
A30,  255.246125,  78.749833,  1.472162,  10.251422,  396.0,  21.465907,  20.233608,  122,  257,  B30,   255.24625,   78.7497222222,   0.053257,         15.58,   None
A31,  255.250083,  78.758556,  1.549318,  10.251422,  157.0,  21.064112,  20.237818,  125,  257,  B31,   255.249583333,   78.7588888889,   0.056799,         17.3R,   None
A32,  255.123917,  78.635111,  1.549778,  5.352293,  49.0,  20.558408,  20.237843,  125,  218,  B32,   255.122083333,   78.6347222222,   0.058987,         16.4V,   None
A33,  256.548458,  78.547111,  1.720484,  10.251422,  273.0,  21.304375,  20.247468,  134,  257,  B33,   256.549166667,   78.5472222222,   0.061439,         15.6V,   None
A34,  256.243792,  78.833139,  1.856545,  10.251422,  151.0,  21.047189,  20.255471,  140,  257,  B34,   256.24375,   78.8330555556,   0.065345,         16.27,   **Note G242: change optical position
A35,  255.973292,  78.486556,  1.918581,  10.251422,  195.0,  21.158247,  20.259224,  142,  257,  B35,   255.97375,   78.4866666667,   0.054256,         17.8V,   None
A36,  255.893458,  78.848583,  1.958362,  10.251422,  801.0,  21.771845,  20.261666,  144,  257,  B36,   255.89375,   78.8486111111,   0.063188,         16.6V,   None
A37,  256.861042,  78.606222,  2.196253,  10.251422,  273.0,  21.304375,  20.276864,  149,  257,  B37,   256.8625,   78.6058333333,   0.058553,         16.6V,   None
A38,  256.229958,  78.85225,  2.234608,  10.251422,  376.0,  21.4434,  20.279412,  153,  257,  B38,   256.230416667,   78.852,   0.066003,        None ,   None
A39,  255.694167,  78.862722,  2.396969,  10.251422,  2104.0,  22.191258,  20.290505,  156,  257,  B39,   255.695,   78.8627777778,   0.055498,         15.7V,   None
A40,  256.61725,  78.820667,  2.459315,  10.251422,  927.0,  21.835292,  20.294898,  157,  257,  B40,   256.618333333,   78.8208333333,   0.063357,         17.6V,   None
A41,  255.5505,  78.859167,  2.514564,  10.251422,  1364.0,  22.003027,  20.298853,  161,  257,  B41,   255.55125,   78.8591666667,   0.064461,         16.4V,   None
A42,  255.393417,  78.846278,  2.555706,  10.251422,  631.0,  21.668242,  20.301836,  162,  257,  B42,   255.392916667,   78.8461111111,   0.065106,         16.6R,   None
A43,  256.389875,  78.854639,  2.558775,  10.251422,  4175.0,  22.488869,  20.302059,  162,  257,  B43,   256.39,   78.8547222222,   0.065502,         15.3V,   None
A44,  257.046292,  78.653417,  2.847641,  4.256234,  40.0,  20.470272,  20.323915,  171,  197,  B44,   257.045416667,   78.6533333333,   0.050104,         17.6V,   None
A45,  255.084833,  78.810611,  2.83827,  5.352293,  49.0,  20.558408,  20.323182,  169,  218,  B45,   255.08125,   78.8102777778,   0.050552,         16.13,   None
A46,  255.106542,  78.823944,  2.991989,  10.251422,  231.0,  21.231824,  20.335413,  175,  257,  B46,   255.10625,   78.8241666667,   0.051287,         16.5R,   None
A47,  256.815083,  78.502194,  3.402366,  10.251422,  1200.0,  21.947394,  20.370069,  181,  257,  B47,   256.815833333,   78.5022222222,   0.062813,         17.2V,   None
A48,  256.0595,  78.910056,  3.535834,  10.251422,  203.0,  21.175708,  20.381922,  184,  257,  B48,   256.060416667,   78.91,   0.063314,         18.2V,   None
A49,  257.0125,  78.544056,  3.58035,  8.46769,  109.0,  20.905639,  20.385935,  185,  246,  B49,   257.013333333,   78.5441666667,   0.059743,         18.0V,   None
A50,  255.568833,  78.902944,  3.591484,  10.251422,  220.0,  21.210635,  20.386943,  186,  257,  B50,   255.570416667,   78.9030555556,   0.065243,         17.8V,   None
A51,  254.9055,  78.494806,  4.179273,  8.221362,  98.0,  20.859438,  20.442427,  196,  245,  B51,   254.90625,   78.4952777778,   0.052713,         16.4V,   None
A52,  254.586917,  78.723472,  4.292733,  8.366311,  106.0,  20.893518,  20.453582,  198,  246,  B52,   254.586666667,   78.7238888889,   0.053068,          ... ,   None
A53,  256.639417,  78.422083,  4.698221,  5.832223,  63.0,  20.667553,  20.494344,  205,  223,  B53,   256.639583333,   78.4219444444,   0.052123,         15.61,   **Note G310:optical position changed
A54,  256.548833,  78.410417,  4.764471,  10.251422,  312.0,  21.362367,  20.501115,  208,  257,  B54,   256.547916667,   78.4105555556,   0.061101,         17.8V,   None
A55,  257.139167,  78.498389,  5.045825,  10.251422,  3295.0,  22.386068,  20.530139,  214,  257,  B55,   257.139583333,   78.4983333333,   0.062253,         15.2V,   None
A56,  257.241625,  78.837528,  5.580686,  10.251422,  892.0,  21.818577,  20.586117,  219,  257,  B56,   257.242083333,   78.8375,   0.053527,         15.7V,   None
A57,  255.134083,  78.936056,  5.702466,  10.251422,  255.0,  21.274752,  20.59894,  222,  257,  B57,   255.134583333,   78.9361111111,   0.050698,         16.39,   None
A58,  257.3305,  78.5045,  6.078165,  8.059809,  89.0,  20.817602,  20.638524,  229,  244,  B58,   257.327916667,   78.5047222222,   0.055706,         16.7R,   None
A59,  255.855042,  78.344111,  6.155401,  10.251422,  828.0,  21.786243,  20.646653,  230,  257,  B59,   255.853333333,   78.3441666667,   0.063117,         16.4R,   None
A60,  257.4385,  78.518611,  6.539134,  10.251422,  130.0,  20.982156,  20.686901,  232,  257,  B60,   257.43,   78.5177777778,   0.061913,         16.63,   None
A61,  255.789884,  78.68897,  0.075114,  4.70251,  43.77,  20.509389,  20.181328,  10,  205,  B61,   255.78875,   78.6888888889,   0.047636,         16.8V,   None
A62,  256.16165,  78.88676,  2.980081,  10.251422,  1032.64,  21.882161,  20.33445,  175,  257,  B62,   256.15625,   78.8888888889,   0.060451,         18.1V,   None
A63,  255.45625,  79.037778,  8.632676,  10.251422,  3165.87,  22.368705,  20.897153,  248,  257,  B63,   255.455,   79.0377777778,   0.064387,         15.6 ,   None
A64,  256.97933,  78.747139,  2.869135,  7.897207,  79.85,  20.770487,  20.325603,  172,  243,  B64,   256.979583333,   78.7469444444,   0.056516,         17.0V,   None
A65,  257.41612,  78.552139,  5.850165,  10.251422,  356.42,  21.420174,  20.614504,  224,  257,  B65,   257.414583333,   78.5522222222,   0.053817,         15.73,   None
A66,  256.704,  78.592722,  1.692168,  3.856448,  37.25,  20.439339,  20.24584,  133,  192,  B66,   256.704166667,   78.5927777778,   0.058077,         16.0V,   None
A67,  256.75192,  78.689861,  1.563813,  10.251422,  251.9,  21.26944,  20.238618,  128,  257,  B67,   256.752083333,   78.6897222222,   0.056559,         17.6V,   None
A68,  254.50925,  78.563389,  5.282973,  10.251422,  214.62,  21.199882,  20.554865,  217,  257,  B68,   254.505,   78.5627777778,   0.064051,         15.40,   None
A69,  255.33471,  78.755306,  1.270215,  5.253304,  47.38,  20.543807,  20.22296,  110,  216,  B69,   255.334166667,   78.7555555556,   0.056605,         18.0R,   None
A70,  255.04458,  79.004444,  8.479698,  10.251422,  350.29,  21.41264,  20.882503,  246,  257,  B70,   255.044583333,   79.0044444444,   0.057967,         16.44,   None
A71,  254.95417,  78.972222,  7.634608,  10.251422,  295.76,  21.339152,  20.799374,  242,  257,  B71,   254.954166667,   78.9722222222,   0.058836,          ... ,   None
A72,  257.29125,  78.875556,  6.717274,  10.251422,  1860.86,  22.137926,  20.705474,  235,  257,  B72,   257.29125,   78.8755555556,   0.062526,         15.9V,   None
A73,  256.28583,  78.685,  0.305855,  10.251422,  1128.81,  21.920833,  20.17925,  47,  257,  B73,   256.285833333,   78.685,   0.059464,          ... ,   None
A74,  256.14958,  78.668056,  0.1086,  9.236935,  124.02,  20.961704,  20.178882,  16,  253,  B74,   256.149583333,   78.6680555556,   0.065715,         17.8V,   None
A75,  255.90917,  78.782778,  0.797839,  10.251422,  132.69,  20.99105,  20.199716,  86,  257,  B75,   255.9075,   78.7829444444,   0.066187,        None ,   None
A76,  254.19667,  78.783056,  7.593249,  10.251422,  231.75,  21.233232,  20.795216,  241,  257,  B76,   254.196666667,   78.7830555556,   0.05653,         16.40,   None
A77,  254.71417,  78.516667,  4.750804,  10.251422,  330.38,  21.387226,  20.499716,  206,  257,  B77,   254.714166667,   78.5166666667,   0.061723,         16.11,   None
A78,  257.63,  78.486111,  8.605911,  10.251422,  300.79,  21.346476,  20.894599,  248,  257,  B78,   257.63,   78.4861111111,   0.05286,         16.54,   None
A79,  257.19833,  78.432222,  6.978708,  10.251422,  192.51,  21.152666,  20.732559,  235,  257,  B79,   257.198333333,   78.4322222222,   0.056239,         17.2V,   None
A80,  257.17417,  78.395833,  7.934279,  10.251422,  280.39,  21.315975,  20.829263,  244,  257,  B80,   257.174166667,   78.3958333333,   0.056765,         17.9V,   None
A81,  257.34125,  78.368333,  9.903554,  10.251422,  644.79,  21.677631,  21.013858,  257,  257,  B81,   257.34125,   78.3683333333,   0.053797,          ... ,   None
A82,  255.53042,  78.291667,  8.680287,  10.251422,  322.89,  21.377267,  20.901687,  249,  257,  B82,   255.530416667,   78.2916666667,   0.059121,         15.55,   None
A83,  257.2525,  78.772056,  4.599316,  10.251422,  2150.11,  22.200673,  20.484287,  203,  257,  B83,   257.2525,   78.7720555556,   0.039479,        None ,   None
-1000000,  -1000000,  -1000000,  -1000000,  -1000000,  100000,  -1000000,  -1000000,  -1000000,  -1000000,  B84,  255.89875,  78.665,  0.051632,        16.7V,  None
-1000000,  -1000000,  -1000000,  -1000000,  -1000000,  100000,  -1000000,  -1000000,  -1000000,  -1000000,  B85,  255.905416667,  78.675,  0.056641,        18.0V,  None
-1000000,  -1000000,  -1000000,  -1000000,  -1000000,  100000,  -1000000,  -1000000,  -1000000,  -1000000,  B86,  255.924583333,  78.6547222222,  0.049175,        18.5R,  None
-1000000,  -1000000,  -1000000,  -1000000,  -1000000,  100000,  -1000000,  -1000000,  -1000000,  -1000000,  B87,  256.004166667,  78.6583333333,  0.059,         ... ,  None
-1000000,  -1000000,  -1000000,  -1000000,  -1000000,  100000,  -1000000,  -1000000,  -1000000,  -1000000,  B88,  255.9625,  78.6430555556,  0.05732,         ... ,  None
-1000000,  -1000000,  -1000000,  -1000000,  -1000000,  100000,  -1000000,  -1000000,  -1000000,  -1000000,  B89,  255.803333333,  78.6722222222,  0.055495,        17.9V,  None
-1000000,  -1000000,  -1000000,  -1000000,  -1000000,  100000,  -1000000,  -1000000,  -1000000,  -1000000,  B90,  255.9075,  78.6408333333,  0.058801,        16.9V,  None
-1000000,  -1000000,  -1000000,  -1000000,  -1000000,  100000,  -1000000,  -1000000,  -1000000,  -1000000,  B91,  255.884166667,  78.6305555556,  0.0593,         ... ,  None
-1000000,  -1000000,  -1000000,  -1000000,  -1000000,  100000,  -1000000,  -1000000,  -1000000,  -1000000,  B92,  255.98625,  78.6266666667,  0.050251,        16.4V,  None
-1000000,  -1000000,  -1000000,  -1000000,  -1000000,  100000,  -1000000,  -1000000,  -1000000,  -1000000,  B93,  256.125416667,  78.6466666667,  0.055879,        17.3V,  None
-1000000,  -1000000,  -1000000,  -1000000,  -1000000,  100000,  -1000000,  -1000000,  -1000000,  -1000000,  B94,  255.94375,  78.6233333333,  0.05966,        17.9V,  None
-1000000,  -1000000,  -1000000,  -1000000,  -1000000,  100000,  -1000000,  -1000000,  -1000000,  -1000000,  B95,  256.100833333,  78.6383333333,  0.0581,        15.5 ,  None
-1000000,  -1000000,  -1000000,  -1000000,  -1000000,  100000,  -1000000,  -1000000,  -1000000,  -1000000,  B96,  256.05625,  78.6286111111,  0.056092,        14.6V,  None
-1000000,  -1000000,  -1000000,  -1000000,  -1000000,  100000,  -1000000,  -1000000,  -1000000,  -1000000,  B97,  255.745,  78.6377777778,  0.05258,        17.2R,  None
-1000000,  -1000000,  -1000000,  -1000000,  -1000000,  100000,  -1000000,  -1000000,  -1000000,  -1000000,  B98,  255.886666667,  78.6172222222,  0.056034,        18.2V,  None
-1000000,  -1000000,  -1000000,  -1000000,  -1000000,  100000,  -1000000,  -1000000,  -1000000,  -1000000,  B99,  255.93125,  78.7175,  0.0581,         ... ,  None
-1000000,  -1000000,  -1000000,  -1000000,  -1000000,  100000,  -1000000,  -1000000,  -1000000,  -1000000,  B100,  255.742083333,  78.7013888889,  0.053293,        17.4R,  None
-1000000,  -1000000,  -1000000,  -1000000,  -1000000,  100000,  -1000000,  -1000000,  -1000000,  -1000000,  B101,  255.909583333,  78.615,  0.052863,        17.4V,  None
-1000000,  -1000000,  -1000000,  -1000000,  -1000000,  100000,  -1000000,  -1000000,  -1000000,  -1000000,  B102,  256.091666667,  78.7083333333,  0.049891,        16.9V,  None
-1000000,  -1000000,  -1000000,  -1000000,  -1000000,  100000,  -1000000,  -1000000,  -1000000,  -1000000,  B103,  256.1975,  78.6752777778,  0.055374,        17.7V,  None
-1000000,  -1000000,  -1000000,  -1000000,  -1000000,  100000,  -1000000,  -1000000,  -1000000,  -1000000,  B104,  256.16875,  78.6919444444,  0.062032,        18.3V,  None
-1000000,  -1000000,  -1000000,  -1000000,  -1000000,  100000,  -1000000,  -1000000,  -1000000,  -1000000,  B105,  255.869583333,  78.6141666667,  0.059714,        16.7V,  None
-1000000,  -1000000,  -1000000,  -1000000,  -1000000,  100000,  -1000000,  -1000000,  -1000000,  -1000000,  B106,  255.655833333,  78.6763888889,  0.059306,        17.3V,  None
-1000000,  -1000000,  -1000000,  -1000000,  -1000000,  100000,  -1000000,  -1000000,  -1000000,  -1000000,  B107,  256.137083333,  78.7055555556,  0.050664,        17.2V,  None
-1000000,  -1000000,  -1000000,  -1000000,  -1000000,  100000,  -1000000,  -1000000,  -1000000,  -1000000,  B108,  256.21625,  78.6741666667,  0.059155,        17.3V,  None
-1000000,  -1000000,  -1000000,  -1000000,  -1000000,  100000,  -1000000,  -1000000,  -1000000,  -1000000,  B109,  255.644583333,  78.6602777778,  0.059221,        16.9V,  None
-1000000,  -1000000,  -1000000,  -1000000,  -1000000,  100000,  -1000000,  -1000000,  -1000000,  -1000000,  B110,  256.169583333,  78.6280555556,  0.065628,        17.2V,  None
-1000000,  -1000000,  -1000000,  -1000000,  -1000000,  100000,  -1000000,  -1000000,  -1000000,  -1000000,  B111,  255.75625,  78.6144444444,  0.055091,        16.4V,  None
-1000000,  -1000000,  -1000000,  -1000000,  -1000000,  100000,  -1000000,  -1000000,  -1000000,  -1000000,  B112,  256.264583333,  78.6672222222,  0.055912,        16.5V,  None
-1000000,  -1000000,  -1000000,  -1000000,  -1000000,  100000,  -1000000,  -1000000,  -1000000,  -1000000,  B113,  256.183333333,  78.6227777778,  0.050398,        16.2V,  None
-1000000,  -1000000,  -1000000,  -1000000,  -1000000,  100000,  -1000000,  -1000000,  -1000000,  -1000000,  B114,  256.205833333,  78.6283333333,  0.057424,        17.4R,  None
-1000000,  -1000000,  -1000000,  -1000000,  -1000000,  100000,  -1000000,  -1000000,  -1000000,  -1000000,  B115,  255.839583333,  78.7316666667,  0.050235,        16.4R,  None
-1000000,  -1000000,  -1000000,  -1000000,  -1000000,  100000,  -1000000,  -1000000,  -1000000,  -1000000,  B116,  256.240833333,  78.6369444444,  0.065131,        17.5V,  None
-1000000,  -1000000,  -1000000,  -1000000,  -1000000,  100000,  -1000000,  -1000000,  -1000000,  -1000000,  B117,  256.08875,  78.6058333333,  0.058071,        18.2V,  None
-1000000,  -1000000,  -1000000,  -1000000,  -1000000,  100000,  -1000000,  -1000000,  -1000000,  -1000000,  B118,  256.243333333,  78.7008333333,  0.05767,        17.0V,  None
-1000000,  -1000000,  -1000000,  -1000000,  -1000000,  100000,  -1000000,  -1000000,  -1000000,  -1000000,  B119,  255.579166667,  78.6483333333,  0.053,         ... ,  None
-1000000,  -1000000,  -1000000,  -1000000,  -1000000,  100000,  -1000000,  -1000000,  -1000000,  -1000000,  B120,  255.9825,  78.7388888889,  0.052198,        17.9V,  None
-1000000,  -1000000,  -1000000,  -1000000,  -1000000,  100000,  -1000000,  -1000000,  -1000000,  -1000000,  B121,  255.571666667,  78.6383333333,  0.052136,        16.7V,  None
-1000000,  -1000000,  -1000000,  -1000000,  -1000000,  100000,  -1000000,  -1000000,  -1000000,  -1000000,  B122,  255.857083333,  78.5916666667,  0.053432,        18.3V,  None
-1000000,  -1000000,  -1000000,  -1000000,  -1000000,  100000,  -1000000,  -1000000,  -1000000,  -1000000,  B123,  255.633333333,  78.7180555556,  0.051432,        16.8V,  None
-1000000,  -1000000,  -1000000,  -1000000,  -1000000,  100000,  -1000000,  -1000000,  -1000000,  -1000000,  B124,  256.326666667,  78.6461111111,  0.058981,        16.6V,  None
-1000000,  -1000000,  -1000000,  -1000000,  -1000000,  100000,  -1000000,  -1000000,  -1000000,  -1000000,  B125,  256.35,  78.6730555556,  0.060466,        17.7V,  None
-1000000,  -1000000,  -1000000,  -1000000,  -1000000,  100000,  -1000000,  -1000000,  -1000000,  -1000000,  B126,  256.362916667,  78.6463888889,  0.065375,        16.6V,  None
-1000000,  -1000000,  -1000000,  -1000000,  -1000000,  100000,  -1000000,  -1000000,  -1000000,  -1000000,  B127,  256.3775,  78.6719444444,  0.057353,        16.4V,  None
-1000000,  -1000000,  -1000000,  -1000000,  -1000000,  100000,  -1000000,  -1000000,  -1000000,  -1000000,  B128,  255.57125,  78.7213888889,  0.060465,        16.6V,  None
-1000000,  -1000000,  -1000000,  -1000000,  -1000000,  100000,  -1000000,  -1000000,  -1000000,  -1000000,  B129,  256.050833333,  78.58,  0.065521,        17.5V,  None
-1000000,  -1000000,  -1000000,  -1000000,  -1000000,  100000,  -1000000,  -1000000,  -1000000,  -1000000,  B130,  255.946666667,  78.5763888889,  0.057623,        17.3V,  None
-1000000,  -1000000,  -1000000,  -1000000,  -1000000,  100000,  -1000000,  -1000000,  -1000000,  -1000000,  B131,  256.38625,  78.6505555556,  0.051272,        16.9V,  None
-1000000,  -1000000,  -1000000,  -1000000,  -1000000,  100000,  -1000000,  -1000000,  -1000000,  -1000000,  B132,  255.73,  78.5844444444,  0.054559,        17.0V,  None
-1000000,  -1000000,  -1000000,  -1000000,  -1000000,  100000,  -1000000,  -1000000,  -1000000,  -1000000,  B133,  255.584166667,  78.6036111111,  0.051961,        16.8V,  None
-1000000,  -1000000,  -1000000,  -1000000,  -1000000,  100000,  -1000000,  -1000000,  -1000000,  -1000000,  B134,  256.389583333,  78.6947222222,  0.05934,        18.3V,  None
-1000000,  -1000000,  -1000000,  -1000000,  -1000000,  100000,  -1000000,  -1000000,  -1000000,  -1000000,  B135,  256.079166667,  78.7569444444,  0.065738,         ... ,  None
-1000000,  -1000000,  -1000000,  -1000000,  -1000000,  100000,  -1000000,  -1000000,  -1000000,  -1000000,  B136,  255.492083333,  78.7105555556,  0.049483,        16.6R,  None
-1000000,  -1000000,  -1000000,  -1000000,  -1000000,  100000,  -1000000,  -1000000,  -1000000,  -1000000,  B137,  256.117916667,  78.7577777778,  0.058485,        18.6V,  None
-1000000,  -1000000,  -1000000,  -1000000,  -1000000,  100000,  -1000000,  -1000000,  -1000000,  -1000000,  B138,  255.595,  78.5938888889,  0.055722,        16.6V,  None
-1000000,  -1000000,  -1000000,  -1000000,  -1000000,  100000,  -1000000,  -1000000,  -1000000,  -1000000,  B139,  256.448333333,  78.6658333333,  0.062097,         ... ,  None
-1000000,  -1000000,  -1000000,  -1000000,  -1000000,  100000,  -1000000,  -1000000,  -1000000,  -1000000,  B140,  255.612916667,  78.7469444444,  0.056256,        17.1V,  None
-1000000,  -1000000,  -1000000,  -1000000,  -1000000,  100000,  -1000000,  -1000000,  -1000000,  -1000000,  B141,  255.805416667,  78.7655555556,  0.052236,        16.8V,  None
-1000000,  -1000000,  -1000000,  -1000000,  -1000000,  100000,  -1000000,  -1000000,  -1000000,  -1000000,  B142,  256.247083333,  78.5844444444,  0.057016,        16.8V,  None
-1000000,  -1000000,  -1000000,  -1000000,  -1000000,  100000,  -1000000,  -1000000,  -1000000,  -1000000,  B143,  256.19625,  78.5761111111,  0.062766,        16.3R,  None
-1000000,  -1000000,  -1000000,  -1000000,  -1000000,  100000,  -1000000,  -1000000,  -1000000,  -1000000,  B144,  255.59,  78.7505555556,  0.058541,        17.6V,  None
-1000000,  -1000000,  -1000000,  -1000000,  -1000000,  100000,  -1000000,  -1000000,  -1000000,  -1000000,  B145,  255.38,  78.6697222222,  0.065624,        19.3R,  None
-1000000,  -1000000,  -1000000,  -1000000,  -1000000,  100000,  -1000000,  -1000000,  -1000000,  -1000000,  B146,  255.434166667,  78.6147222222,  0.060362,        17.5V,  None
-1000000,  -1000000,  -1000000,  -1000000,  -1000000,  100000,  -1000000,  -1000000,  -1000000,  -1000000,  B147,  256.0175,  78.5563888889,  0.057891,        17.0V,  None
-1000000,  -1000000,  -1000000,  -1000000,  -1000000,  100000,  -1000000,  -1000000,  -1000000,  -1000000,  B148,  256.382916667,  78.5972222222,  0.062218,        17.8V,  None
-1000000,  -1000000,  -1000000,  -1000000,  -1000000,  100000,  -1000000,  -1000000,  -1000000,  -1000000,  B149,  255.65125,  78.7661111111,  0.063104,        16.8V,  None
-1000000,  -1000000,  -1000000,  -1000000,  -1000000,  100000,  -1000000,  -1000000,  -1000000,  -1000000,  B150,  256.427083333,  78.6069444444,  0.058501,        17.6V,  None
-1000000,  -1000000,  -1000000,  -1000000,  -1000000,  100000,  -1000000,  -1000000,  -1000000,  -1000000,  B151,  256.234166667,  78.5675,  0.061636,        18.3V,  None
-1000000,  -1000000,  -1000000,  -1000000,  -1000000,  100000,  -1000000,  -1000000,  -1000000,  -1000000,  B152,  255.409166667,  78.7213888889,  0.056923,        17.0R,  None
-1000000,  -1000000,  -1000000,  -1000000,  -1000000,  100000,  -1000000,  -1000000,  -1000000,  -1000000,  B153,  255.802083333,  78.5525,  0.055052,        16.6V,  None
-1000000,  -1000000,  -1000000,  -1000000,  -1000000,  100000,  -1000000,  -1000000,  -1000000,  -1000000,  B154,  255.544583333,  78.7580555556,  0.060002,        16.1V,  None
-1000000,  -1000000,  -1000000,  -1000000,  -1000000,  100000,  -1000000,  -1000000,  -1000000,  -1000000,  B155,  255.660416667,  78.5594444444,  0.051409,        16.6V,  None
-1000000,  -1000000,  -1000000,  -1000000,  -1000000,  100000,  -1000000,  -1000000,  -1000000,  -1000000,  B156,  255.993333333,  78.5430555556,  0.056741,        16.6R,  None
-1000000,  -1000000,  -1000000,  -1000000,  -1000000,  100000,  -1000000,  -1000000,  -1000000,  -1000000,  B157,  255.522083333,  78.7627777778,  0.059014,        15.9V,  None
-1000000,  -1000000,  -1000000,  -1000000,  -1000000,  100000,  -1000000,  -1000000,  -1000000,  -1000000,  B158,  255.895,  78.7944444444,  0.065902,        15.7V,  None
-1000000,  -1000000,  -1000000,  -1000000,  -1000000,  100000,  -1000000,  -1000000,  -1000000,  -1000000,  B159,  256.07125,  78.7925,  0.064156,        17.0V,  None
-1000000,  -1000000,  -1000000,  -1000000,  -1000000,  100000,  -1000000,  -1000000,  -1000000,  -1000000,  B160,  256.024583333,  78.5305555556,  0.053977,        18.0V,  None
-1000000,  -1000000,  -1000000,  -1000000,  -1000000,  100000,  -1000000,  -1000000,  -1000000,  -1000000,  B161,  255.293333333,  78.7263888889,  0.05378,        15.29,  None
-1000000,  -1000000,  -1000000,  -1000000,  -1000000,  100000,  -1000000,  -1000000,  -1000000,  -1000000,  B162,  256.365833333,  78.5577777778,  0.0544,         ... ,  None
-1000000,  -1000000,  -1000000,  -1000000,  -1000000,  100000,  -1000000,  -1000000,  -1000000,  -1000000,  B163,  256.1725,  78.5358333333,  0.055765,        16.7R,  None
-1000000,  -1000000,  -1000000,  -1000000,  -1000000,  100000,  -1000000,  -1000000,  -1000000,  -1000000,  B164,  256.24125,  78.5402777778,  0.060125,        16.75,  None
-1000000,  -1000000,  -1000000,  -1000000,  -1000000,  100000,  -1000000,  -1000000,  -1000000,  -1000000,  B165,  256.633333333,  78.7022222222,  0.062906,        18.0V,  None
-1000000,  -1000000,  -1000000,  -1000000,  -1000000,  100000,  -1000000,  -1000000,  -1000000,  -1000000,  B166,  255.515833333,  78.5475,  0.058397,        18.1V,  None
-1000000,  -1000000,  -1000000,  -1000000,  -1000000,  100000,  -1000000,  -1000000,  -1000000,  -1000000,  B167,  256.317916667,  78.5436111111,  0.06045,        17.6V,  None
-1000000,  -1000000,  -1000000,  -1000000,  -1000000,  100000,  -1000000,  -1000000,  -1000000,  -1000000,  B168,  256.337916667,  78.7888888889,  0.05928,        18.1V,  None
-1000000,  -1000000,  -1000000,  -1000000,  -1000000,  100000,  -1000000,  -1000000,  -1000000,  -1000000,  B169,  255.649583333,  78.8036111111,  0.056135,        16.9V,  None
-1000000,  -1000000,  -1000000,  -1000000,  -1000000,  100000,  -1000000,  -1000000,  -1000000,  -1000000,  B170,  255.23875,  78.6033333333,  0.06098,        17.3V,  None
-1000000,  -1000000,  -1000000,  -1000000,  -1000000,  100000,  -1000000,  -1000000,  -1000000,  -1000000,  B171,  255.169166667,  78.6858333333,  0.054318,        17.6V,  None
-1000000,  -1000000,  -1000000,  -1000000,  -1000000,  100000,  -1000000,  -1000000,  -1000000,  -1000000,  B172,  255.645833333,  78.5244444444,  0.055588,        18.0V,  None
-1000000,  -1000000,  -1000000,  -1000000,  -1000000,  100000,  -1000000,  -1000000,  -1000000,  -1000000,  B173,  255.21375,  78.7302777778,  0.053093,        18.1R,  None
-1000000,  -1000000,  -1000000,  -1000000,  -1000000,  100000,  -1000000,  -1000000,  -1000000,  -1000000,  B174,  256.293333333,  78.5263888889,  0.054788,        16.6V,  None
-1000000,  -1000000,  -1000000,  -1000000,  -1000000,  100000,  -1000000,  -1000000,  -1000000,  -1000000,  B175,  256.560416667,  78.5661111111,  0.058002,        18.4V,  None
-1000000,  -1000000,  -1000000,  -1000000,  -1000000,  100000,  -1000000,  -1000000,  -1000000,  -1000000,  B176,  256.595,  78.5722222222,  0.055566,        17.7V,  None
-1000000,  -1000000,  -1000000,  -1000000,  -1000000,  100000,  -1000000,  -1000000,  -1000000,  -1000000,  B177,  256.679166667,  78.5886111111,  0.059889,        20.0R,  None
-1000000,  -1000000,  -1000000,  -1000000,  -1000000,  100000,  -1000000,  -1000000,  -1000000,  -1000000,  B178,  255.098333333,  78.7019444444,  0.058834,        16.8V,  None
-1000000,  -1000000,  -1000000,  -1000000,  -1000000,  100000,  -1000000,  -1000000,  -1000000,  -1000000,  B179,  255.744583333,  78.8302777778,  0.058889,        18.6V,  None
-1000000,  -1000000,  -1000000,  -1000000,  -1000000,  100000,  -1000000,  -1000000,  -1000000,  -1000000,  B180,  256.7825,  78.6427777778,  0.062893,        16.0V,  None
-1000000,  -1000000,  -1000000,  -1000000,  -1000000,  100000,  -1000000,  -1000000,  -1000000,  -1000000,  B181,  256.799583333,  78.6494444444,  0.059698,        17.5V,  None
-1000000,  -1000000,  -1000000,  -1000000,  -1000000,  100000,  -1000000,  -1000000,  -1000000,  -1000000,  B182,  255.3075,  78.7911111111,  0.062012,         ... ,  None
-1000000,  -1000000,  -1000000,  -1000000,  -1000000,  100000,  -1000000,  -1000000,  -1000000,  -1000000,  B183,  255.377083333,  78.5311111111,  0.058956,        16.8V,  None
-1000000,  -1000000,  -1000000,  -1000000,  -1000000,  100000,  -1000000,  -1000000,  -1000000,  -1000000,  B184,  256.830833333,  78.6641666667,  0.061622,        17.3V,  None
-1000000,  -1000000,  -1000000,  -1000000,  -1000000,  100000,  -1000000,  -1000000,  -1000000,  -1000000,  B185,  256.77,  78.5988888889,  0.053094,        17.4R,  None
-1000000,  -1000000,  -1000000,  -1000000,  -1000000,  100000,  -1000000,  -1000000,  -1000000,  -1000000,  B186,  256.457916667,  78.5186111111,  0.059046,        18.1V,  None
-1000000,  -1000000,  -1000000,  -1000000,  -1000000,  100000,  -1000000,  -1000000,  -1000000,  -1000000,  B187,  256.394166667,  78.5094444444,  0.063525,        18.3V,  None
-1000000,  -1000000,  -1000000,  -1000000,  -1000000,  100000,  -1000000,  -1000000,  -1000000,  -1000000,  B188,  256.316666667,  78.5005555556,  0.059915,        17.6V,  None
-1000000,  -1000000,  -1000000,  -1000000,  -1000000,  100000,  -1000000,  -1000000,  -1000000,  -1000000,  B189,  256.315,  78.4972222222,  0.060531,        19.0V,  None
-1000000,  -1000000,  -1000000,  -1000000,  -1000000,  100000,  -1000000,  -1000000,  -1000000,  -1000000,  B190,  256.71625,  78.5616666667,  0.061426,        17.1V,  None
-1000000,  -1000000,  -1000000,  -1000000,  -1000000,  100000,  -1000000,  -1000000,  -1000000,  -1000000,  B191,  256.867083333,  78.6111111111,  0.058851,        16.5V,  None
-1000000,  -1000000,  -1000000,  -1000000,  -1000000,  100000,  -1000000,  -1000000,  -1000000,  -1000000,  B192,  256.309166667,  78.4886111111,  0.054986,        16.8R,  None
-1000000,  -1000000,  -1000000,  -1000000,  -1000000,  100000,  -1000000,  -1000000,  -1000000,  -1000000,  B193,  255.06625,  78.5736111111,  0.061449,        16.5V,  None
-1000000,  -1000000,  -1000000,  -1000000,  -1000000,  100000,  -1000000,  -1000000,  -1000000,  -1000000,  B194,  255.084583333,  78.5652777778,  0.054612,        16.8V,  None
-1000000,  -1000000,  -1000000,  -1000000,  -1000000,  100000,  -1000000,  -1000000,  -1000000,  -1000000,  B195,  254.950833333,  78.7013888889,  0.055357,        17.3V,  None
-1000000,  -1000000,  -1000000,  -1000000,  -1000000,  100000,  -1000000,  -1000000,  -1000000,  -1000000,  B196,  255.390833333,  78.8325,  0.052265,         ... ,  None
-1000000,  -1000000,  -1000000,  -1000000,  -1000000,  100000,  -1000000,  -1000000,  -1000000,  -1000000,  B197,  255.094166667,  78.7894444444,  0.062673,        16.12,  None
-1000000,  -1000000,  -1000000,  -1000000,  -1000000,  100000,  -1000000,  -1000000,  -1000000,  -1000000,  B198,  256.277916667,  78.4727777778,  0.064224,        15.9V,  None
-1000000,  -1000000,  -1000000,  -1000000,  -1000000,  100000,  -1000000,  -1000000,  -1000000,  -1000000,  B199,  255.5275,  78.4725,  0.054201,        17.4V,  None
-1000000,  -1000000,  -1000000,  -1000000,  -1000000,  100000,  -1000000,  -1000000,  -1000000,  -1000000,  B200,  255.859166667,  78.8788888889,  0.06373,        17.1V,  None
-1000000,  -1000000,  -1000000,  -1000000,  -1000000,  100000,  -1000000,  -1000000,  -1000000,  -1000000,  B201,  254.880416667,  78.7236111111,  0.056518,        17.5V,  None
-1000000,  -1000000,  -1000000,  -1000000,  -1000000,  100000,  -1000000,  -1000000,  -1000000,  -1000000,  B202,  255.21125,  78.8302777778,  0.057897,        16.31,  None
-1000000,  -1000000,  -1000000,  -1000000,  -1000000,  100000,  -1000000,  -1000000,  -1000000,  -1000000,  B203,  256.723333333,  78.5155555556,  0.060035,        16.3V,  None
-1000000,  -1000000,  -1000000,  -1000000,  -1000000,  100000,  -1000000,  -1000000,  -1000000,  -1000000,  B204,  257.0225,  78.6255555556,  0.059511,        16.29,  None
-1000000,  -1000000,  -1000000,  -1000000,  -1000000,  100000,  -1000000,  -1000000,  -1000000,  -1000000,  B205,  255.117083333,  78.5161111111,  0.060554,        18.2V,  None
-1000000,  -1000000,  -1000000,  -1000000,  -1000000,  100000,  -1000000,  -1000000,  -1000000,  -1000000,  B206,  255.82125,  78.4463888889,  0.054046,        17.2V,  None
-1000000,  -1000000,  -1000000,  -1000000,  -1000000,  100000,  -1000000,  -1000000,  -1000000,  -1000000,  B207,  256.034583333,  78.4463888889,  0.056052,        17.9V,  None
-1000000,  -1000000,  -1000000,  -1000000,  -1000000,  100000,  -1000000,  -1000000,  -1000000,  -1000000,  B208,  255.106666667,  78.5108333333,  0.058147,        16.5V,  None
-1000000,  -1000000,  -1000000,  -1000000,  -1000000,  100000,  -1000000,  -1000000,  -1000000,  -1000000,  B209,  254.79875,  78.6205555556,  0.05547,        17.8V,  None
-1000000,  -1000000,  -1000000,  -1000000,  -1000000,  100000,  -1000000,  -1000000,  -1000000,  -1000000,  B210,  257.040833333,  78.5711111111,  0.061846,        17.1V,  None
-1000000,  -1000000,  -1000000,  -1000000,  -1000000,  100000,  -1000000,  -1000000,  -1000000,  -1000000,  B211,  257.15,  78.6755555556,  0.057426,        17.8V,  None
-1000000,  -1000000,  -1000000,  -1000000,  -1000000,  100000,  -1000000,  -1000000,  -1000000,  -1000000,  B212,  255.03125,  78.8311111111,  0.055085,         ... ,  None
-1000000,  -1000000,  -1000000,  -1000000,  -1000000,  100000,  -1000000,  -1000000,  -1000000,  -1000000,  B213,  255.443333333,  78.8922222222,  0.049582,         ... ,  None
-1000000,  -1000000,  -1000000,  -1000000,  -1000000,  100000,  -1000000,  -1000000,  -1000000,  -1000000,  B214,  256.116666667,  78.4222222222,  0.056593,        18.1V,  None
-1000000,  -1000000,  -1000000,  -1000000,  -1000000,  100000,  -1000000,  -1000000,  -1000000,  -1000000,  B215,  257.05875,  78.7802777778,  0.053229,        18.4V,  None
-1000000,  -1000000,  -1000000,  -1000000,  -1000000,  100000,  -1000000,  -1000000,  -1000000,  -1000000,  B216,  256.87125,  78.5025,  0.063512,        18.4V,  None
-1000000,  -1000000,  -1000000,  -1000000,  -1000000,  100000,  -1000000,  -1000000,  -1000000,  -1000000,  B217,  257.103333333,  78.5747222222,  0.060072,        18.1V,  None
-1000000,  -1000000,  -1000000,  -1000000,  -1000000,  100000,  -1000000,  -1000000,  -1000000,  -1000000,  B218,  257.194166667,  78.6177777778,  0.055081,        17.8V,  None
-1000000,  -1000000,  -1000000,  -1000000,  -1000000,  100000,  -1000000,  -1000000,  -1000000,  -1000000,  B219,  254.830833333,  78.8063888889,  0.050456,         ... ,  None
-1000000,  -1000000,  -1000000,  -1000000,  -1000000,  100000,  -1000000,  -1000000,  -1000000,  -1000000,  B220,  254.720833333,  78.7711111111,  0.064537,         ... ,  None
-1000000,  -1000000,  -1000000,  -1000000,  -1000000,  100000,  -1000000,  -1000000,  -1000000,  -1000000,  B221,  255.61625,  78.9183333333,  0.050157,        17.5V,  None
-1000000,  -1000000,  -1000000,  -1000000,  -1000000,  100000,  -1000000,  -1000000,  -1000000,  -1000000,  B222,  257.190416667,  78.5677777778,  0.061095,        17.0V,  None
-1000000,  -1000000,  -1000000,  -1000000,  -1000000,  100000,  -1000000,  -1000000,  -1000000,  -1000000,  B223,  256.377083333,  78.9208333333,  0.057351,         ... ,  None
-1000000,  -1000000,  -1000000,  -1000000,  -1000000,  100000,  -1000000,  -1000000,  -1000000,  -1000000,  B224,  257.312083333,  78.6363888889,  0.060491,        16.9V,  None
-1000000,  -1000000,  -1000000,  -1000000,  -1000000,  100000,  -1000000,  -1000000,  -1000000,  -1000000,  B225,  254.520416667,  78.6608333333,  0.059961,        17.9V,  None
-1000000,  -1000000,  -1000000,  -1000000,  -1000000,  100000,  -1000000,  -1000000,  -1000000,  -1000000,  B226,  254.54,  78.7183333333,  0.057185,        18.1V,  None
-1000000,  -1000000,  -1000000,  -1000000,  -1000000,  100000,  -1000000,  -1000000,  -1000000,  -1000000,  B227,  256.8075,  78.8883333333,  0.055255,        16.0V,  None
-1000000,  -1000000,  -1000000,  -1000000,  -1000000,  100000,  -1000000,  -1000000,  -1000000,  -1000000,  B228,  257.35125,  78.705,  0.059618,        16.39,  None
-1000000,  -1000000,  -1000000,  -1000000,  -1000000,  100000,  -1000000,  -1000000,  -1000000,  -1000000,  B229,  254.484583333,  78.6419444444,  0.060327,        18.4V,  None
-1000000,  -1000000,  -1000000,  -1000000,  -1000000,  100000,  -1000000,  -1000000,  -1000000,  -1000000,  B230,  257.25375,  78.5505555556,  0.054009,        16.7V,  None
-1000000,  -1000000,  -1000000,  -1000000,  -1000000,  100000,  -1000000,  -1000000,  -1000000,  -1000000,  B231,  256.634583333,  78.4172222222,  0.0599,        18.0V,  None
-1000000,  -1000000,  -1000000,  -1000000,  -1000000,  100000,  -1000000,  -1000000,  -1000000,  -1000000,  B232,  256.8375,  78.8938888889,  0.055251,        17.1V,  None
-1000000,  -1000000,  -1000000,  -1000000,  -1000000,  100000,  -1000000,  -1000000,  -1000000,  -1000000,  B233,  256.15,  78.38,  0.05835,        17.3V,  None
-1000000,  -1000000,  -1000000,  -1000000,  -1000000,  100000,  -1000000,  -1000000,  -1000000,  -1000000,  B234,  254.472083333,  78.6236111111,  0.058147,        18.0V,  None
-1000000,  -1000000,  -1000000,  -1000000,  -1000000,  100000,  -1000000,  -1000000,  -1000000,  -1000000,  B235,  257.444166667,  78.6925,  0.059681,        16.58,  None
-1000000,  -1000000,  -1000000,  -1000000,  -1000000,  100000,  -1000000,  -1000000,  -1000000,  -1000000,  B236,  257.375833333,  78.7627777778,  0.060875,         ... ,  None
-1000000,  -1000000,  -1000000,  -1000000,  -1000000,  100000,  -1000000,  -1000000,  -1000000,  -1000000,  B237,  254.425833333,  78.5919444444,  0.064667,         ... ,  None
-1000000,  -1000000,  -1000000,  -1000000,  -1000000,  100000,  -1000000,  -1000000,  -1000000,  -1000000,  B238,  256.46,  78.3763888889,  0.054861,        16.2V,  None
-1000000,  -1000000,  -1000000,  -1000000,  -1000000,  100000,  -1000000,  -1000000,  -1000000,  -1000000,  B239,  256.355,  78.3669444444,  0.057778,        17.0V,  None
-1000000,  -1000000,  -1000000,  -1000000,  -1000000,  100000,  -1000000,  -1000000,  -1000000,  -1000000,  B240,  257.440833333,  78.5519444444,  0.062357,         ... ,  None
-1000000,  -1000000,  -1000000,  -1000000,  -1000000,  100000,  -1000000,  -1000000,  -1000000,  -1000000,  B241,  255.165416667,  78.95,  0.06132,         ... ,  None
-1000000,  -1000000,  -1000000,  -1000000,  -1000000,  100000,  -1000000,  -1000000,  -1000000,  -1000000,  B242,  257.56,  78.6569444444,  0.056446,        16.44,  None
-1000000,  -1000000,  -1000000,  -1000000,  -1000000,  100000,  -1000000,  -1000000,  -1000000,  -1000000,  B243,  254.256666667,  78.6577777778,  0.062829,        16.58,  None
-1000000,  -1000000,  -1000000,  -1000000,  -1000000,  100000,  -1000000,  -1000000,  -1000000,  -1000000,  B244,  256.64625,  78.3655555556,  0.056038,        17.5V,  None
-1000000,  -1000000,  -1000000,  -1000000,  -1000000,  100000,  -1000000,  -1000000,  -1000000,  -1000000,  B245,  254.322916667,  78.7847222222,  0.060708,         ... ,  None
-1000000,  -1000000,  -1000000,  -1000000,  -1000000,  100000,  -1000000,  -1000000,  -1000000,  -1000000,  B246,  254.712916667,  78.92,  0.060331,         ... ,  None
-1000000,  -1000000,  -1000000,  -1000000,  -1000000,  100000,  -1000000,  -1000000,  -1000000,  -1000000,  B247,  254.272916667,  78.5466666667,  0.05502,        16.04,  None
-1000000,  -1000000,  -1000000,  -1000000,  -1000000,  100000,  -1000000,  -1000000,  -1000000,  -1000000,  B248,  254.170416667,  78.6180555556,  0.0596,         ... ,  None
-1000000,  -1000000,  -1000000,  -1000000,  -1000000,  100000,  -1000000,  -1000000,  -1000000,  -1000000,  B249,  257.64,  78.565,  0.064925,        16.68,  None
-1000000,  -1000000,  -1000000,  -1000000,  -1000000,  100000,  -1000000,  -1000000,  -1000000,  -1000000,  B250,  257.69125,  78.5375,  0.0626,        15.11,  None
-1000000,  -1000000,  -1000000,  -1000000,  -1000000,  100000,  -1000000,  -1000000,  -1000000,  -1000000,  B251,  257.0975,  78.3741666667,  0.057518,        17.2V,  None
-1000000,  -1000000,  -1000000,  -1000000,  -1000000,  100000,  -1000000,  -1000000,  -1000000,  -1000000,  B252,  256.809166667,  78.32,  0.05874,         ... ,  None
-1000000,  -1000000,  -1000000,  -1000000,  -1000000,  100000,  -1000000,  -1000000,  -1000000,  -1000000,  B253,  254.078333333,  78.5352777778,  0.06129,         ... ,  None
-1000000,  -1000000,  -1000000,  -1000000,  -1000000,  100000,  -1000000,  -1000000,  -1000000,  -1000000,  B254,  253.999166667,  78.7711111111,  0.061452,        16.05,  None
-1000000,  -1000000,  -1000000,  -1000000,  -1000000,  100000,  -1000000,  -1000000,  -1000000,  -1000000,  B255,  256.6,  79.0436111111,  0.058659,         ... ,  None
-1000000,  -1000000,  -1000000,  -1000000,  -1000000,  100000,  -1000000,  -1000000,  -1000000,  -1000000,  B256,  257.95625,  78.5980555556,  0.05944,         ... ,  None
-1000000,  -1000000,  -1000000,  -1000000,  -1000000,  100000,  -1000000,  -1000000,  -1000000,  -1000000,  B257,  257.312916667,  78.3661111111,  0.055713,         ... ,  None
