Name,  Ra Radio,  Dec Radio,  Area observed,  Area detectable,  flux(mJy),  log(lum),  log(lum) detectable,  num Optt,  z,  RaOpt,  DecOpt,   MagNED,   Note
A1,  255.898292,  78.628917,  155.0,  21.058544,  0.086456,  10.251422,  20.180309,  251,  0.053614,  255.9,  78.6288888889,        16.1V,     None  

A2,  255.891375,  78.629778,  6585.0,  22.686768,  0.083825,  10.251422,  20.180525,  251,  0.056469,  255.892083333,  78.63,        13.8V,     None  

A3,  255.872375,  78.632028,  121250.0,  23.951894,  0.078643,  10.251422,  20.180986,  251,  0.059362,  255.872916667,  78.6319444444,        16.0V,     None  

A4,  255.761542,  78.59875,  71953.0,  23.725261,  0.338224,  10.251422,  20.180222,  251,  0.055045,  255.762083333,  78.5988888889,        15.2V,     None  

A5,  255.875167,  78.665167,  49700.0,  23.564569,  0.007352,  10.251422,  20.199902,  251,  0.058567,  255.875416667,  78.6652777778,        15.5V,     None  

A6,  255.2175,  78.689278,  9253.0,  22.834495,  1.190406,  10.251422,  20.218883,  251,  0.057823,  255.2175,  78.6891666667,        16.0V,     None  

A7,  256.414792,  78.62625,  775.0,  21.757514,  0.630822,  10.251422,  20.192015,  251,  0.053844,  256.412916667,  78.6255555556,        15.59,     None

A8,  256.734208,  78.685972,  9190.0,  22.831528,  1.489105,  10.251422,  20.234525,  251,  0.056112,  256.734583333,  78.6858333333,        15.9V,     None  

A9,  256.680083,  78.59925,  1451.0,  22.02988,  1.553493,  10.251422,  20.238048,  251,  0.049734,  256.680416667,  78.5991666667,        16.4V,     None  

A10,  255.985625,  78.745528,  5348.0,  22.596404,  0.374304,  10.251422,  20.181432,  251,  0.05709,  255.985833333,  78.7455555556,        16.1V,     **Note:G12 No radio

A11,  255.562417,  78.596472,  524.0,  21.587544,  0.603027,  10.251422,  20.190772,  251,  0.06241,  255.562916667,  78.5963888889,        15.7V,     None  

A12,  255.842667,  78.782222,  1140.0,  21.925117,  0.806909,  10.251422,  20.200143,  251,  0.065398,  255.842916667,  78.7822222222,        16.9V,     None  

A13,  256.200292,  78.641556,  11792.0,  22.9398,  0.202259,  10.251422,  20.177308,  251,  0.063294,  256.200416667,  78.6413888889,        15.1V,     None  

A14,  255.348458,  78.687528,  1241.0,  21.961984,  0.799476,  10.251422,  20.199793,  251,  0.054094,  255.347083333,  78.6875,        16.1V,     None  

A15,  254.576833,  78.492778,  3189.0,  22.371867,  6.032179,  10.251422,  20.633682,  251,  0.059521,  254.576666667,  78.4927777778,        15.2V,     None  

A16,  254.696958,  78.422611,  1109.0,  21.913144,  7.064728,  10.251422,  20.74142,  251,  0.052159,  254.695,  78.4227777778,        15.5V,     None  

A17,  255.7985,  78.674944,  28.0,  20.31537,  0.044376,  3.184009,  20.185688,  96,  0.052276,  255.799583333,  78.675,        16.4V,     None  

A18,  256.067708,  78.679222,  118.0,  20.940094,  0.051663,  8.964183,  20.184372,  237,  0.052133,  256.068333333,  78.6791666667,        16.1V,     None  

A19,  256.112208,  78.640361,  26.0,  20.283186,  0.115386,  2.991431,  20.178562,  85,  0.059366,  256.113333333,  78.6402777778,        13.8V,     None  

A20,  255.704083,  78.641333,  29.0,  20.33061,  0.155912,  3.281671,  20.177449,  98,  0.056492,  255.705416667,  78.6413888889,        16.5V,     None  

A21,  256.235917,  78.718278,  426.0,  21.497622,  0.367998,  10.251422,  20.181212,  251,  0.062316,  256.2375,  78.7183333333,        17.0R,     None  

A22,  255.57375,  78.7645,  64.0,  20.674392,  0.855012,  5.859022,  20.202422,  187,  0.066358,  255.572916667,  78.7646111111,       None ,     None

A23,  256.390542,  78.586611,  180.0,  21.123485,  0.861942,  10.251422,  20.202752,  251,  0.062681,  256.39125,  78.5866666667,        15.6V,     None  

A24,  255.57625,  78.767778,  2113.0,  22.193112,  0.889423,  10.251422,  20.204065,  251,  0.065418,  255.577083333,  78.7677777778,        16.1V,     None  

A25,  255.373458,  78.602083,  138.0,  21.008091,  0.959953,  10.251422,  20.207465,  247,  0.059765,  255.37375,  78.6019444444,        16.4V,     None  

A26,  256.202292,  78.805889,  203.0,  21.175708,  1.310523,  10.251422,  20.225045,  251,  0.065539,  256.202916667,  78.8058333333,        15.7V,     None  

A27,  256.300167,  78.803972,  462.0,  21.532854,  1.420276,  10.251422,  20.230823,  251,  0.066474,  256.29875,  78.8041388889,       None ,     **Note related to G221

A28,  256.313667,  78.803694,  205.0,  21.179966,  1.438623,  10.251422,  20.231804,  251,  0.066474,  256.313333333,  78.8037666667,       None ,     **Note G221:double galaxy 

A29,  255.133583,  78.67,  55.0,  20.608575,  1.451934,  5.620043,  20.232518,  174,  0.059778,  255.134166667,  78.67,        15.9V,     None  

A30,  255.246125,  78.749833,  396.0,  21.465907,  1.472162,  10.251422,  20.233608,  251,  0.053257,  255.24625,  78.7497222222,        15.58,     None

A31,  255.250083,  78.758556,  157.0,  21.064112,  1.549318,  10.251422,  20.237818,  251,  0.056799,  255.249583333,  78.7588888889,        17.3R,     None  

A32,  255.123917,  78.635111,  49.0,  20.558408,  1.549778,  5.352293,  20.237843,  160,  0.058987,  255.122083333,  78.6347222222,        16.4V,     None  

A33,  256.548458,  78.547111,  273.0,  21.304375,  1.720484,  10.251422,  20.247468,  251,  0.061439,  256.549166667,  78.5472222222,        15.6V,     None  

A34,  256.243792,  78.833139,  151.0,  21.047189,  1.856545,  10.251422,  20.255471,  251,  0.065345,  256.24375,  78.8330555556,        16.27,     **Note G242: change optical position

A35,  255.973292,  78.486556,  195.0,  21.158247,  1.918581,  10.251422,  20.259224,  251,  0.054256,  255.97375,  78.4866666667,        17.8V,     None  

A36,  255.893458,  78.848583,  801.0,  21.771845,  1.958362,  10.251422,  20.261666,  251,  0.063188,  255.89375,  78.8486111111,        16.6V,     None  

A37,  256.861042,  78.606222,  273.0,  21.304375,  2.196253,  10.251422,  20.276864,  251,  0.058553,  256.8625,  78.6058333333,        16.6V,     None  

A38,  256.229958,  78.85225,  376.0,  21.4434,  2.234608,  10.251422,  20.279412,  251,  0.066003,  256.230416667,  78.852,       None ,     None                        
A39,  255.694167,  78.862722,  2104.0,  22.191258,  2.396969,  10.251422,  20.290505,  251,  0.055498,  255.695,  78.8627777778,        15.7V,     None  

A40,  256.61725,  78.820667,  927.0,  21.835292,  2.459315,  10.251422,  20.294898,  251,  0.063357,  256.618333333,  78.8208333333,        17.6V,     None  

A41,  255.5505,  78.859167,  1364.0,  22.003027,  2.514564,  10.251422,  20.298853,  251,  0.064461,  255.55125,  78.8591666667,        16.4V,     None  

A42,  255.393417,  78.846278,  631.0,  21.668242,  2.555706,  10.251422,  20.301836,  251,  0.065106,  255.392916667,  78.8461111111,        16.6R,     None  

A43,  256.389875,  78.854639,  4175.0,  22.488869,  2.558775,  10.251422,  20.302059,  251,  0.065502,  256.39,  78.8547222222,        15.3V,     None  

A44,  257.046292,  78.653417,  40.0,  20.470272,  2.847641,  4.256234,  20.323915,  141,  0.050104,  257.045416667,  78.6533333333,        17.6V,     None  

A45,  255.084833,  78.810611,  49.0,  20.558408,  2.83827,  5.352293,  20.323182,  160,  0.050552,  255.08125,  78.8102777778,        16.13,     None

A46,  255.106542,  78.823944,  231.0,  21.231824,  2.991989,  10.251422,  20.335413,  251,  0.051287,  255.10625,  78.8241666667,        16.5R,     None  

A47,  256.815083,  78.502194,  1200.0,  21.947394,  3.402366,  10.251422,  20.370069,  251,  0.062813,  256.815833333,  78.5022222222,        17.2V,     None  

A48,  256.0595,  78.910056,  203.0,  21.175708,  3.535834,  10.251422,  20.381922,  251,  0.063314,  256.060416667,  78.91,        18.2V,     None  

A49,  257.0125,  78.544056,  109.0,  20.905639,  3.58035,  8.46769,  20.385935,  233,  0.059743,  257.013333333,  78.5441666667,        18.0V,     None  

A50,  255.568833,  78.902944,  220.0,  21.210635,  3.591484,  10.251422,  20.386943,  251,  0.065243,  255.570416667,  78.9030555556,        17.8V,     None  

A51,  254.9055,  78.494806,  98.0,  20.859438,  4.179273,  8.221362,  20.442427,  225,  0.052713,  254.90625,  78.4952777778,        16.4V,     None  

A52,  254.586917,  78.723472,  106.0,  20.893518,  4.292733,  8.366311,  20.453582,  230,  0.053068,  254.586666667,  78.7238888889,         ... ,     None  

A53,  256.639417,  78.422083,  63.0,  20.667553,  4.698221,  5.832223,  20.494344,  186,  0.052123,  256.639583333,  78.4219444444,        15.61,     **Note G310:optical position changed 

A54,  256.548833,  78.410417,  312.0,  21.362367,  4.764471,  10.251422,  20.501115,  251,  0.061101,  256.547916667,  78.4105555556,        17.8V,     None  

A55,  257.139167,  78.498389,  3295.0,  22.386068,  5.045825,  10.251422,  20.530139,  251,  0.062253,  257.139583333,  78.4983333333,        15.2V,     None  

A56,  257.241625,  78.837528,  892.0,  21.818577,  5.580686,  10.251422,  20.586117,  251,  0.053527,  257.242083333,  78.8375,        15.7V,     None  

A57,  255.134083,  78.936056,  255.0,  21.274752,  5.702466,  10.251422,  20.59894,  251,  0.050698,  255.134583333,  78.9361111111,        16.39,     None

A58,  257.3305,  78.5045,  89.0,  20.817602,  6.078165,  8.059809,  20.638524,  217,  0.055706,  257.327916667,  78.5047222222,        16.7R,     None  

A59,  255.855042,  78.344111,  828.0,  21.786243,  6.155401,  10.251422,  20.646653,  251,  0.063117,  255.853333333,  78.3441666667,        16.4R,     None  

A60,  257.4385,  78.518611,  130.0,  20.982156,  6.539134,  10.251422,  20.686901,  244,  0.061913,  257.43,  78.5177777778,        16.63,     None

A61,  255.789884,  78.68897,  43.77,  20.509389,  0.075114,  4.70251,  20.181328,  150,  0.047636,  255.78875,  78.6888888889,        16.8V,     None  

A62,  256.16165,  78.88676,  1032.64,  21.882161,  2.980081,  10.251422,  20.33445,  251,  0.060451,  256.15625,  78.8888888889,        18.1V,     None  

A63,  255.45625,  79.037778,  3165.87,  22.368705,  8.632676,  10.251422,  20.897153,  251,  0.064387,  255.455,  79.0377777778,        15.6 ,     None

A64,  256.97933,  78.747139,  79.85,  20.770487,  2.869135,  7.897207,  20.325603,  209,  0.056516,  256.979583333,  78.7469444444,        17.0V,     None  

A65,  257.41612,  78.552139,  356.42,  21.420174,  5.850165,  10.251422,  20.614504,  251,  0.053817,  257.414583333,  78.5522222222,        15.73,     None

A66,  256.704,  78.592722,  37.25,  20.439339,  1.692168,  3.856448,  20.24584,  132,  0.058077,  256.704166667,  78.5927777778,        16.0V,     None  

A67,  256.75192,  78.689861,  251.9,  21.26944,  1.563813,  10.251422,  20.238618,  251,  0.056559,  256.752083333,  78.6897222222,        17.6V,     None  

A68,  254.50925,  78.563389,  214.62,  21.199882,  5.282973,  10.251422,  20.554865,  251,  0.064051,  254.505,  78.5627777778,        15.40,     None

A69,  255.33471,  78.755306,  47.38,  20.543807,  1.270215,  5.253304,  20.22296,  157,  0.056605,  255.334166667,  78.7555555556,        18.0R,     None  

A70,  255.04458,  79.004444,  350.29,  21.41264,  8.479698,  10.251422,  20.882503,  251,  0.057967,  255.044583333,  79.0044444444,        16.44,     None

A71,  254.95417,  78.972222,  295.76,  21.339152,  7.634608,  10.251422,  20.799374,  251,  0.058836,  254.954166667,  78.9722222222,         ... ,     None  

A72,  257.29125,  78.875556,  1860.86,  22.137926,  6.717274,  10.251422,  20.705474,  251,  0.062526,  257.29125,  78.8755555556,        15.9V,     None  

A73,  256.28583,  78.685,  1128.81,  21.920833,  0.305855,  10.251422,  20.17925,  251,  0.059464,  256.285833333,  78.685,         ... ,     None  

A74,  256.14958,  78.668056,  124.02,  20.961704,  0.1086,  9.236935,  20.178882,  240,  0.065715,  256.149583333,  78.6680555556,        17.8V,     None  

A75,  255.90917,  78.782778,  132.69,  20.99105,  0.797839,  10.251422,  20.199716,  246,  0.066187,  255.9075,  78.7829444444,       None ,     None

A76,  254.19667,  78.783056,  231.75,  21.233232,  7.593249,  10.251422,  20.795216,  251,  0.05653,  254.196666667,  78.7830555556,        16.40,     None

A77,  254.71417,  78.516667,  330.38,  21.387226,  4.750804,  10.251422,  20.499716,  251,  0.061723,  254.714166667,  78.5166666667,        16.11,     None

A78,  257.63,  78.486111,  300.79,  21.346476,  8.605911,  10.251422,  20.894599,  251,  0.05286,  257.63,  78.4861111111,        16.54,     None

A79,  257.19833,  78.432222,  192.51,  21.152666,  6.978708,  10.251422,  20.732559,  251,  0.056239,  257.198333333,  78.4322222222,        17.2V,     None  

A80,  257.17417,  78.395833,  280.39,  21.315975,  7.934279,  10.251422,  20.829263,  251,  0.056765,  257.174166667,  78.3958333333,        17.9V,     None  

A81,  257.34125,  78.368333,  644.79,  21.677631,  9.903554,  10.251422,  21.013858,  251,  0.053797,  257.34125,  78.3683333333,         ... ,     None

A82,  255.53042,  78.291667,  322.89,  21.377267,  8.680287,  10.251422,  20.901687,  251,  0.059121,  255.530416667,  78.2916666667,        15.55,     None

A83,  257.2525,  78.772056,  2150.11,  22.200673,  4.599316,  10.251422,  20.484287,  251,  0.039479,  257.2525,  78.7720555556,       None ,     None

