255.898292,  78.628917,  155,  21.058544,  0.086456,  10.251422,  20.180309,  15,  257
255.891375,  78.629778,  6585,  22.686768,  0.083825,  10.251422,  20.180525,  14,  257
255.872375,  78.632028,  121250,  23.951894,  0.078643,  10.251422,  20.180986,  11,  257
255.761542,  78.598750,  71953,  23.725261,  0.338224,  10.251422,  20.180222,  50,  257
255.875167,  78.665167,  49700,  23.564569,  0.007352,  10.251422,  20.199902,  3,  257
255.217500,  78.689278,  9253,  22.834495,  1.190406,  10.251422,  20.218883,  106,  257
256.414792,  78.626250,  775,  21.757514,  0.630822,  10.251422,  20.192015,  76,  257
256.734208,  78.685972,  9190,  22.831528,  1.489105,  10.251422,  20.234525,  122,  257
256.680083,  78.599250,  1451,  22.029880,  1.553493,  10.251422,  20.238048,  125,  257
255.985625,  78.745528,  5348,  22.596404,  0.374304,  10.251422,  20.181432,  54,  257
255.562417,  78.596472,  524,  21.587544,  0.603027,  10.251422,  20.190772,  71,  257
255.842667,  78.782222,  1140,  21.925117,  0.806909,  10.251422,  20.200143,  89,  257
256.200292,  78.641556,  11792,  22.939800,  0.202259,  10.251422,  20.177308,  36,  257
255.348458,  78.687528,  1241,  21.961984,  0.799476,  10.251422,  20.199793,  86,  257
254.576833,  78.492778,  3189,  22.371867,  6.032179,  10.251422,  20.633682,  225,  257
254.696958,  78.422611,  1109,  21.913144,  7.064728,  10.251422,  20.741420,  236,  257
255.798500,  78.674944,  28,  20.315370,  0.044376,  3.184009,  20.185688,  9,  179
256.067708,  78.679222,  118,  20.940094,  0.051663,  8.964183,  20.184372,  9,  252
256.112208,  78.640361,  26,  20.283186,  0.115386,  2.991431,  20.178562,  20,  175
255.704083,  78.641333,  29,  20.330610,  0.155912,  3.281671,  20.177449,  27,  179
256.235917,  78.718278,  426,  21.497622,  0.367998,  10.251422,  20.181212,  53,  257
255.573750,  78.764500,  64,  20.674392,  0.855012,  5.859022,  20.202422,  92,  224
256.390542,  78.586611,  180,  21.123485,  0.861942,  10.251422,  20.202752,  93,  257
255.576250,  78.767778,  2113,  22.193112,  0.889423,  10.251422,  20.204065,  95,  257
255.373458,  78.602083,  138,  21.008091,  0.959953,  10.251422,  20.207465,  97,  257
256.202292,  78.805889,  203,  21.175708,  1.310523,  10.251422,  20.225045,  113,  257
256.300167,  78.803972,  462,  21.532854,  1.420276,  10.251422,  20.230823,  117,  257
256.313667,  78.803694,  205,  21.179966,  1.438623,  10.251422,  20.231804,  118,  257
255.133583,  78.67,  55,  20.608575,  1.451934,  5.620043,  20.232518,  120,  220
255.246125,  78.749833,  396,  21.465907,  1.472162,  10.251422,  20.233608,  122,  257
255.250083,  78.758556,  157,  21.064112,  1.549318,  10.251422,  20.237818,  125,  257
255.123917,  78.635111,  49,  20.558408,  1.549778,  5.352293,  20.237843,  125,  218
256.548458,  78.547111,  273,  21.304375,  1.720484,  10.251422,  20.247468,  134,  257
256.243792,  78.833139,  151,  21.047189,  1.856545,  10.251422,  20.255471,  140,  257
255.973292,  78.486556,  195,  21.158247,  1.918581,  10.251422,  20.259224,  142,  257
255.893458,  78.848583,  801,  21.771845,  1.958362,  10.251422,  20.261666,  144,  257
256.861042,  78.606222,  273,  21.304375,  2.196253,  10.251422,  20.276864,  149,  257
256.229958,  78.852250,  376,  21.443400,  2.234608,  10.251422,  20.279412,  153,  257
255.694167,  78.862722,  2104,  22.191258,  2.396969,  10.251422,  20.290505,  156,  257
256.617250,  78.820667,  927,  21.835292,  2.459315,  10.251422,  20.294898,  157,  257
255.550500,  78.859167,  1364,  22.003027,  2.514564,  10.251422,  20.298853,  161,  257
255.393417,  78.846278,  631,  21.668242,  2.555706,  10.251422,  20.301836,  162,  257
256.389875,  78.854639,  4175,  22.488869,  2.558775,  10.251422,  20.302059,  162,  257
257.046292,  78.653417,  40,  20.470272,  2.847641,  4.256234,  20.323915,  171,  197
255.084833,  78.810611,  49,  20.558408,  2.838270,  5.352293,  20.323182,  169,  218
255.106542,  78.823944,  231,  21.231824,  2.991989,  10.251422,  20.335413,  175,  257
256.815083,  78.502194,  1200,  21.947394,  3.402366,  10.251422,  20.370069,  181,  257
256.059500,  78.910056,  203,  21.175708,  3.535834,  10.251422,  20.381922,  184,  257
257.012500,  78.544056,  109,  20.905639,  3.580350,  8.467690,  20.385935,  185,  246
255.568833,  78.902944,  220,  21.210635,  3.591484,  10.251422,  20.386943,  186,  257
254.905500,  78.494806,  98,  20.859438,  4.179273,  8.221362,  20.442427,  196,  245
254.586917,  78.723472,  106,  20.893518,  4.292733,  8.366311,  20.453582,  198,  246
256.639417,  78.422083,  63,  20.667553,  4.698221,  5.832223,  20.494344,  205,  223
256.548833,  78.410417,  312,  21.362367,  4.764471,  10.251422,  20.501115,  208,  257
257.139167,  78.498389,  3295,  22.386068,  5.045825,  10.251422,  20.530139,  214,  257
257.241625,  78.837528,  892,  21.818577,  5.580686,  10.251422,  20.586117,  219,  257
255.134083,  78.936056,  255,  21.274752,  5.702466,  10.251422,  20.598940,  222,  257
257.330500,  78.504500,  89,  20.817602,  6.078165,  8.059809,  20.638524,  229,  244
255.855042,  78.344111,  828,  21.786243,  6.155401,  10.251422,  20.646653,  230,  257
257.438500,  78.518611,  130,  20.982156,  6.539134,  10.251422,  20.686901,  232,  257
255.789884,  78.688970,  43.77,  20.509389,  0.075114,  4.702510,  20.181328,  10,  205
256.161650,  78.886760,  1032.64,  21.882161,  2.980081,  10.251422,  20.334450,  175,  257
255.456250,  79.037778,  3165.87,  22.368705,  8.632676,  10.251422,  20.897153,  248,  257
256.979330,  78.747139,  79.85,  20.770487,  2.869135,  7.897207,  20.325603,  172,  243
257.416120,  78.552139,  356.42,  21.420174,  5.850165,  10.251422,  20.614504,  224,  257
256.704000,  78.592722,  37.25,  20.439339,  1.692168,  3.856448,  20.245840,  133,  192
256.751920,  78.689861,  251.90,  21.269440,  1.563813,  10.251422,  20.238618,  128,  257
254.509250,  78.563389,  214.62,  21.199882,  5.282973,  10.251422,  20.554865,  217,  257
255.334710,  78.755306,  47.38,  20.543807,  1.270215,  5.253304,  20.222960,  110,  216
255.044580,  79.004444,  350.29,  21.412640,  8.479698,  10.251422,  20.882503,  246,  257
254.954170,  78.972222,  295.76,  21.339152,  7.634608,  10.251422,  20.799374,  242,  257
257.291250,  78.875556,  1860.86,  22.137926,  6.717274,  10.251422,  20.705474,  235,  257
256.285830,  78.685000,  1128.81,  21.920833,  0.305855,  10.251422,  20.179250,  47,  257
256.149580,  78.668056,  124.02,  20.961704,  0.108600,  9.236935,  20.178882,  16,  253
255.909170,  78.782778,  132.69,  20.991050,  0.797839,  10.251422,  20.199716,  86,  257
254.196670,  78.783056,  231.75,  21.233232,  7.593249,  10.251422,  20.795216,  241,  257
254.714170,  78.516667,  330.38,  21.387226,  4.750804,  10.251422,  20.499716,  206,  257
257.63,  78.486111,  300.79,  21.346476,  8.605911,  10.251422,  20.894599,  248,  257
257.198330,  78.432222,  192.51,  21.152666,  6.978708,  10.251422,  20.732559,  235,  257
257.174170,  78.395833,  280.39,  21.315975,  7.934279,  10.251422,  20.829263,  244,  257
257.341250,  78.368333,  644.79,  21.677631,  9.903554,  10.251422,  21.013858,  257,  257
255.530420,  78.291667,  322.89,  21.377267,  8.680287,  10.251422,  20.901687,  249,  257
257.252500,  78.772056,  2150.11,  22.200673,  4.599316,  10.251422,  20.484287,  203,  257