0.0,	2.00599943381e-05
141.421356237,	2.19979854603e-05
282.842712475,	2.1308768879e-05
424.264068712,	2.16632095403e-05
565.685424949,	2.02344328992e-05
707.106781187,	2.22550558028e-05
848.528137424,	3.2080371578e-05
989.949493661,	2.26562390361e-05
1131.3708499,	1.96519487707e-05
1272.79220614,	1.84749440076e-05
1414.21356237,	2.19427802919e-05
1555.63491861,	2.64036386049e-05
1697.05627485,	1.81021121593e-05
1838.47763108,	2.08468810836e-05
1979.89898732,	3.57238279172e-05
2121.32034356,	2.36285705328e-05
2262.7416998,	2.35770035641e-05
2404.16305603,	3.02304381368e-05
2545.58441227,	5.5850751868e-05
2687.00576851,	2.56739574843e-05
2828.42712475,	2.89788465691e-05
2969.84848098,	3.46607994778e-05
3111.26983722,	3.84413103806e-05
3252.69119346,	4.04366344688e-05
3394.1125497,	4.3961271501e-05
3535.53390593,	4.52690727966e-05
3676.95526217,	5.20946941327e-05
3818.37661841,	6.84351533001e-05
3959.79797464,	6.38694538264e-05
4101.21933088,	6.6309723424e-05
4242.64068712,	7.7747209267e-05
4384.06204336,	7.894876563e-05
4525.48339959,	0.000107737084959
4666.90475583,	0.000117261940835
4808.32611207,	0.000129321098823
